22.20537646	23.73253513	20.84674046	30.4832142	62.15639366	85.85420252	10.72182684	12.72944786	0.064403788	0.030506873	0.035391613	0.029093586	0.894551043	0.894954685	0.049960674	0.499258966
21.1301156	23.80473433	20.96137367	32.04646677	64.79312279	86.31147653	10.64177569	10.55123518	0.068754871	0.034246512	0.039134686	0.028193461	0.893140385	0.889627971	0.049878932	0.499654942
22.6345865	23.95245376	21.19282948	25.21556195	63.8604678	79.64659111	10.72673451	24.74334739	0.06709358	0.035243632	0.036265301	0.031152117	0.898415751	0.892233165	0.049904001	0.49959305
22.53032282	23.87439444	20.579966	29.78506665	62.44150997	70.82504678	10.72575041	13.60462177	0.068173979	0.036766402	0.035558398	0.029443808	0.894827209	0.893918793	0.049959881	0.499509169
23.27163251	22.8588093	20.66455363	25.28274819	63.87961097	85.85864592	10.81952602	18.43479267	0.066646942	0.037957473	0.034337557	0.030805535	0.894763458	0.896528427	0.049910813	0.49953582
21.11602497	24.02068576	20.55853502	26.92289987	63.79220667	93.87930194	10.79066381	18.54151426	0.062432395	0.037983087	0.035583552	0.030251348	0.895120905	0.891943658	0.049921317	0.499596158
21.11602497	24.02068576	20.55853502	26.92289987	63.79220667	93.87930194	10.79066381	18.08754641	0.062432395	0.037983087	0.035583552	0.030251348	0.895120905	0.891943658	0.049921317	0.499596158
23.78945091	23.22524316	21.23221628	23.35333083	65.28840471	82.96417356	10.74000016	28.8879226	0.068019576	0.038142013	0.035440402	0.032141666	0.898911015	0.890151015	0.049900301	0.499575204
22.20537646	23.73253513	20.84674046	30.4832142	62.15639366	85.85420252	10.72182684	12.72944786	0.064404751	0.038313636	0.035391613	0.029093586	0.894551043	0.894954685	0.049960674	0.499258966
22.07044857	23.43213362	21.01947129	31.20343726	64.31192896	83.17125109	10.72721647	13.2930894	0.069922467	0.038744129	0.034278853	0.029658706	0.897405566	0.891458848	0.049913431	0.499607196
21.09891354	23.98165427	20.96402972	31.78070937	63.35651253	86.58588525	10.7531071	10.34125816	0.068650154	0.038792504	0.039849914	0.028253368	0.895913461	0.889776908	0.049935073	0.499624406
22.67727739	23.60360682	20.63177972	26.90586597	66.21989285	85.52387655	10.71586666	13.11034907	0.070581193	0.038824067	0.033857282	0.029635447	0.890921044	0.894140346	0.049941969	0.499430168
22.26413689	23.53232683	20.75593569	28.25298428	63.56683547	84.82394194	10.68068574	15.71407236	0.070428999	0.039419607	0.035544293	0.029529102	0.893688474	0.890644132	0.049940599	0.49960047
22.28336904	22.76254289	21.23261581	27.82246029	66.04221898	83.01948468	10.68234667	22.00889922	0.061338439	0.039644568	0.034921106	0.031099219	0.897996455	0.890568232	0.049918972	0.499593761
23.33125014	21.94420504	20.93883041	24.59091154	63.38687159	95.27853764	10.58092206	18.1552026	0.067701777	0.039817255	0.034605323	0.029975604	0.898007509	0.893082049	0.049905708	0.499567359
22.11688616	22.70303412	21.22767291	25.97648404	65.92730724	72.89430962	10.67993584	29.37405801	0.066046535	0.039835046	0.03541024	0.032116691	0.896496377	0.890679196	0.04991494	0.499594968
23.13514313	21.03027014	21.05145935	32.97086013	65.56688309	85.0181663	10.50239222	11.64803665	0.060503684	0.04010981	0.036802433	0.02866424	0.895930989	0.893563247	0.049931106	0.499187379
22.02910286	23.2516356	21.58209035	22.75193273	73.30973641	87.61735032	10.70085222	33.9205297	0.069202251	0.040199868	0.03491613	0.0325956	0.894641567	0.89009747	0.04990449	0.499603034
22.02910286	23.2516356	21.58209035	22.75193273	73.30973641	94.207968	10.70085222	33.9205297	0.069202251	0.040199868	0.03491613	0.0325956	0.894641567	0.89009747	0.04990449	0.499603034
23.338084	22.5672899	21.30999219	27.15591113	64.99911773	86.15159147	10.38639144	30.14133496	0.067058195	0.040212668	0.035945859	0.032224098	0.893779165	0.890029476	0.049906023	0.499618863
22.70343331	22.57314809	20.4800936	28.83720465	64.41929362	84.81496485	10.68494117	15.41323884	0.065441648	0.04022946	0.033757208	0.030100045	0.892031575	0.895131191	0.049926136	0.499488694
22.79123585	20.60094876	21.4893594	22.62698567	71.16451107	67.50993155	10.64126553	24.62945066	0.058902666	0.040235128	0.034570737	0.031456754	0.895877769	0.891611475	0.049901359	0.499663944
22.79123585	20.60094876	21.4893594	22.62698567	71.16451107	63.75135471	10.64126553	24.62945066	0.070632887	0.040235128	0.034570737	0.031456754	0.895877769	0.891611475	0.049901359	0.499663944
22.79123585	20.60094876	21.4893594	22.62698567	71.16451107	83.43817843	10.64126553	24.62945066	0.070632887	0.040235128	0.034570737	0.031456754	0.895877769	0.891611475	0.049901359	0.499663944
22.68740553	23.49280405	20.9681037	24.27451864	65.12493225	86.04199732	10.6886761	10.39628658	0.063470728	0.040244708	0.038655829	0.028516275	0.895260327	0.892550296	0.049948235	0.499604317
22.72809972	21.55411558	21.44868098	24.70786014	70.36092091	83.55759135	10.6774687	22.39744356	0.067969687	0.040310211	0.034848123	0.031234566	0.895438153	0.89178109	0.049917866	0.49965007
22.72809972	21.55411558	21.44868098	24.70786014	70.36092091	69.4036098	10.6774687	22.39744356	0.067969687	0.040310211	0.034848123	0.031234566	0.895438153	0.89178109	0.049917866	0.49965007
22.6345865	23.95245376	21.19282948	25.21556195	63.8604678	79.64659111	10.72673451	24.74334739	0.06709358	0.040315188	0.034868127	0.031152117	0.898415751	0.896694289	0.049904001	0.49959305
20.1413474	20.92116738	21.00596543	22.06378383	70.74563256	86.1294439	10.62275314	30.20260967	0.073336105	0.040351283	0.035008005	0.032655338	0.891617964	0.887359625	0.049905043	0.499664092
20.1413474	20.92116738	21.00596543	22.06378383	65.35391183	86.1294439	10.62275314	30.20260967	0.073336105	0.040351283	0.035008005	0.032655338	0.891617964	0.887359625	0.049905043	0.499664092
20.1413474	20.92116738	21.00596543	22.06378383	70.74563256	86.1294439	10.62275314	30.20260967	0.073336105	0.040351283	0.035660637	0.032655338	0.891617964	0.887359625	0.049905043	0.499664092
23.58395796	23.64787231	21.01467752	27.26055476	64.83305098	92.66080416	10.63014966	10.89085285	0.068119709	0.040425819	0.035561653	0.029016807	0.893028255	0.892646113	0.049898951	0.499472434
20.48750045	25.11271365	21.57814159	22.76380536	63.94381991	88.74427832	10.72356441	34.35199955	0.063963241	0.040433939	0.034838267	0.032138014	0.891147436	0.889524129	0.049927494	0.499579343
23.27228058	24.54050307	21.4877992	23.1609875	64.75700034	87.01291575	10.7517766	34.11378769	0.066068609	0.040457741	0.034535139	0.03245003	0.892251111	0.891443326	0.049926955	0.499603359
21.7971561	23.40727362	20.85393709	28.64981121	62.9658555	88.17343177	10.74654868	16.23403062	0.062940958	0.040466398	0.034548643	0.030315651	0.895679545	0.893843501	0.049956377	0.499547906
22.74084569	23.22618043	21.29455466	23.32671468	66.59525715	90.35987976	10.74238482	33.81374938	0.078346543	0.040521177	0.035139072	0.033220004	0.89647148	0.889942449	0.049913292	0.499586341
22.74084569	23.22618043	21.29455466	23.32671468	66.59525715	90.35987976	10.74238482	33.81374938	0.071081157	0.040521177	0.035139072	0.033220004	0.89647148	0.889942449	0.049913292	0.499586341
22.25577013	23.41995922	21.02021458	24.95436001	63.47409175	82.57756358	10.74395967	19.00039582	0.066504967	0.04054466	0.035705276	0.030327731	0.895647362	0.892640266	0.049944854	0.499563274
21.44763755	23.68634639	21.04225751	28.72599392	62.50607934	88.99991544	10.73925538	13.36860692	0.067901958	0.040568583	0.035096966	0.029245347	0.894076275	0.893814866	0.04995433	0.499531592
22.61048519	23.13066099	21.22947029	21.30400864	64.51575783	79.52875732	10.84506304	32.53958178	0.06728574	0.040590974	0.037005136	0.032443114	0.890743519	0.888835089	0.049898305	0.49963408
22.61048519	23.13066099	21.22947029	21.30400864	64.51575783	77.15611384	10.84506304	32.53958178	0.06728574	0.040590974	0.037005136	0.032443114	0.890743519	0.888835089	0.049898305	0.49963408
21.29627809	21.51268456	21.16796878	22.77833568	70.99928648	84.34662574	10.6579333	24.40253406	0.069468362	0.040639527	0.034572154	0.031238896	0.895856019	0.891854902	0.049902524	0.499660398
24.07948041	22.14986985	20.9136677	23.13489542	68.54882994	65.96635452	10.8238053	18.36094459	0.068827468	0.040656764	0.03447817	0.030256876	0.895653711	0.892354358	0.049943016	0.499620833
23.18244619	20.73669117	20.88645337	24.47046037	63.37434333	92.33364397	10.7960957	18.28689009	0.069717434	0.040658061	0.034570115	0.030358071	0.895102638	0.893891489	0.049903928	0.499589994
23.00520382	23.23835976	21.05001885	23.58403783	66.35714545	88.4026426	10.75086677	33.76815693	0.069625625	0.040692976	0.035039038	0.033065216	0.893606192	0.890917595	0.049923099	0.499602877
23.99442585	23.42372083	21.18711555	23.44079123	65.86123414	86.4100056	10.77618606	33.79540594	0.0708979	0.04073062	0.0346344	0.032671484	0.895300089	0.891503971	0.049915665	0.499627922
22.46196796	23.90077704	20.81598967	23.71464536	63.80513736	86.35001205	10.75827184	21.15711486	0.067014593	0.040733051	0.034841368	0.030850894	0.895296301	0.892923931	0.049937736	0.499539757
21.50443595	22.00609346	20.94694172	34.2855483	69.664533	86.562305	10.6859821	10.46109905	0.064052569	0.040748433	0.043499819	0.028395622	0.893491521	0.896471852	0.049939785	0.499495293
22.68124506	21.23244325	21.10455778	28.71488307	64.71007393	84.4533998	10.74703073	27.36801355	0.065835254	0.040784902	0.035292898	0.031952567	0.89139381	0.890402423	0.049964334	0.499632646
22.78640311	23.22276172	21.1646028	22.899701	66.73192318	77.62431883	10.67393026	33.55202778	0.06952548	0.040828531	0.033928656	0.032692727	0.893824792	0.88816433	0.049921104	0.499639349
24.04508126	23.22276172	21.1646028	22.899701	71.74475273	77.62431883	10.67393026	33.55202778	0.06952548	0.040828531	0.034478908	0.032692727	0.893824792	0.88816433	0.049921104	0.499639349
24.04508126	23.22276172	21.1646028	22.899701	66.73192318	77.62431883	10.67393026	33.55202778	0.06952548	0.040828531	0.034478908	0.032692727	0.893824792	0.88816433	0.049921104	0.499639349
22.82703625	21.99212471	21.06040717	24.52572468	64.45813637	80.35859208	10.6886107	21.25606924	0.067045239	0.040864359	0.035292403	0.03091333	0.891880905	0.890949844	0.04995786	0.499624996
23.38222793	22.99751586	21.23253949	23.4096628	65.31099047	87.62881994	10.60793084	28.11034764	0.066149659	0.040878216	0.03528355	0.032001178	0.897710566	0.890647939	0.049912429	0.499596537
21.47400385	24.00811074	21.03292213	23.30093224	64.809942	86.18413101	10.75645582	33.98802534	0.067337	0.040878618	0.034837493	0.032204681	0.891331125	0.89055992	0.04992601	0.499620443
22.61874052	23.40351689	20.54626306	27.34590475	62.3965649	72.64849758	10.75048818	14.81846943	0.0683049	0.040884306	0.036278643	0.029414917	0.894316659	0.893947661	0.049959016	0.499555734
22.61874052	23.40351689	20.54626306	27.34590475	62.3965649	72.64849758	10.75048818	14.81846943	0.0683049	0.040884306	0.036278643	0.029311988	0.894316659	0.893947661	0.049959016	0.499555734
24.25878398	23.43590017	20.94257974	23.69811438	65.62312243	84.45276844	10.78466801	33.74981349	0.069442368	0.040902419	0.034534365	0.032516697	0.8924348	0.892479117	0.049925472	0.499644459
23.94146472	23.2013848	21.22991597	22.81356977	63.77270277	91.08308312	10.71300382	33.59213462	0.068897077	0.040915563	0.034656842	0.032684787	0.893623769	0.889364418	0.049917707	0.499644777
23.08716239	23.1396951	20.67290633	25.24369901	64.60170676	83.80087527	10.7496952	18.85191963	0.066463344	0.040944774	0.034323502	0.030770582	0.893953708	0.894695	0.049935175	0.499509534
23.08716239	23.1396951	20.67290633	25.24369901	64.60170676	83.80087527	10.7496952	18.85191963	0.066463344	0.040944774	0.034323502	0.030770582	0.893953708	0.894695	0.049935175	0.499509534
21.40927818	21.17899179	21.0197351	23.57807968	65.20577752	86.33219696	10.65768813	26.05741353	0.070967038	0.040967518	0.035161551	0.031958863	0.89599361	0.889863571	0.049944969	0.499622225
21.40927818	21.17899179	21.0197351	23.57807968	66.16615104	86.33219696	10.65768813	26.05741353	0.070967038	0.040967518	0.035161551	0.031958863	0.89599361	0.889863571	0.049944969	0.499622225
22.77156747	21.24272652	20.88800942	27.49761418	62.81740607	81.88635278	10.69666005	23.42755851	0.066720705	0.040996036	0.03529267	0.03133905	0.892297548	0.892785347	0.049957045	0.499596533
22.38344396	23.35914179	20.99565563	23.69480069	66.57301163	84.64965034	10.73466145	29.98995634	0.051414725	0.041002756	0.034893409	0.032371436	0.893859628	0.891707135	0.049928494	0.499629576
22.29938108	23.842795	21.04151678	23.35712044	64.06901469	84.0324917	10.72381285	22.91539238	0.069344937	0.041009452	0.035347664	0.030877944	0.891415145	0.892923648	0.049908712	0.499572782
22.56106619	23.3252898	20.81842293	24.08144042	64.64080192	82.68973758	10.64678503	20.85345111	0.064093355	0.04104116	0.035296194	0.030630676	0.89425029	0.893107782	0.049944648	0.499535823
21.41091082	24.05341252	20.66231468	31.57278269	62.40680886	86.72992365	10.74918207	15.39430515	0.06171316	0.041050403	0.035297645	0.029534927	0.895090995	0.891491918	0.049935551	0.49949675
21.41091082	24.05341252	20.66231468	31.57278269	62.40680886	86.72992365	10.74918207	15.39430515	0.066837743	0.041050403	0.035297645	0.029534927	0.895090995	0.891491918	0.049935551	0.49949675
21.41091082	24.05341252	20.66231468	31.57278269	62.40680886	86.72992365	10.74918207	15.39430515	0.066837743	0.041050403	0.035297645	0.029534927	0.895090995	0.891491918	0.049935551	0.499546822
22.91735866	22.00240798	20.8438588	23.30845579	62.56546851	77.79154506	10.63824002	17.31561419	0.06793069	0.041075493	0.035292174	0.030299813	0.892784643	0.893332768	0.04995057	0.499588883
21.54886959	24.42115395	21.32201084	24.23552263	63.68631758	87.5034513	10.41202047	34.05624225	0.065550056	0.04111356	0.035257211	0.03200636	0.891946011	0.890143874	0.049921306	0.499580084
22.08398134	25.58551124	20.78744716	29.68495113	63.85758741	76.53179027	10.54941385	10.24441394	0.06430365	0.041143871	0.048509075	0.027762716	0.892341494	0.881408847	0.049813534	0.497318758
21.79899364	23.37592582	21.19730297	24.83780834	63.49859209	88.28006992	10.74052535	25.69934185	0.067059655	0.041224473	0.035177296	0.031694598	0.896039424	0.890784063	0.049950832	0.499558328
22.37400746	24.28891457	20.65550034	30.34221496	62.09485043	80.23109695	10.72852627	10.80333759	0.068811161	0.041328528	0.039213155	0.028137584	0.895570208	0.888113469	0.049928793	0.499652666
22.57282325	22.7206223	21.16337116	25.03553926	64.37457902	76.1604019	10.69348438	32.59050633	0.067295304	0.041331883	0.034625394	0.032674657	0.895799576	0.890379837	0.049926709	0.499610606
22.85409361	21.34414212	20.96610131	23.59784651	68.33657818	84.51433973	10.70868906	28.0728847	0.06849555	0.041340912	0.034799519	0.03199414	0.894568463	0.891632545	0.049929978	0.499635671
23.06137568	21.79976136	20.94709203	23.38100607	69.16087444	73.59062747	10.70011664	21.66407133	0.056123144	0.041368157	0.034537493	0.030787506	0.895797779	0.891459951	0.049939401	0.499620821
23.63834311	22.79916444	20.89524977	33.99375542	65.76879283	68.66875071	10.55589962	12.23828807	0.068214515	0.04139725	0.034827963	0.029355969	0.895369794	0.893979885	0.04994142	0.499612836
20.21351764	22.16279788	21.05393134	32.12330849	63.68676446	83.56767579	10.72101586	11.33215212	0.069375267	0.041415035	0.03533247	0.029508383	0.895842474	0.892137129	0.049941037	0.499617796
20.97875359	21.26738374	21.0191772	23.59453283	69.28646737	84.71122163	10.6586825	24.31302754	0.050467907	0.041441249	0.035158562	0.031848879	0.895993291	0.890860563	0.049933001	0.499620788
22.95520016	20.8235313	21.48487167	22.843897	68.75535488	84.85118685	10.58930166	26.21512899	0.070521365	0.041444401	0.035252109	0.031517018	0.895613209	0.890611513	0.049904118	0.499655974
22.92274504	23.35887526	20.96857533	23.72925516	64.85546915	84.68287478	10.74354286	16.58761199	0.065135183	0.041522617	0.034954631	0.029849737	0.893535373	0.893150418	0.049944581	0.499404053
20.7313993	20.12950226	20.97477374	27.67929367	64.69188649	83.97041659	10.5336457	23.9873108	0.055984784	0.041555907	0.035158491	0.031119081	0.891747386	0.893620284	0.049917466	0.499517278
22.62433694	23.55269338	20.55391712	27.20426662	63.21174148	79.86144005	10.79008052	16.22379748	0.065262306	0.041587973	0.034954397	0.02991787	0.893877964	0.89387985	0.049951832	0.499524044
23.10392398	23.82615213	20.87986546	31.66771423	67.20964019	85.03471805	10.55352976	11.58737024	0.064456242	0.041714713	0.03517374	0.028992002	0.895925079	0.893315602	0.049925996	0.499548065
22.20854256	23.23098359	21.17528802	22.95374755	73.10610257	85.68684621	10.58337682	30.83899189	0.0659206	0.041760921	0.034819342	0.032407715	0.894944448	0.891548249	0.04993561	0.499510934
22.88638422	23.18203187	21.11491785	25.37562449	65.19598917	73.7895793	10.78039427	29.79374402	0.067218018	0.041808385	0.03525642	0.032157439	0.89466128	0.890659062	0.049917881	0.499614262
23.56386026	23.15587752	21.29104582	24.27769434	63.85483579	88.98110779	10.65074306	33.61506159	0.069591211	0.041824639	0.035496862	0.032632869	0.893251825	0.889574421	0.049917125	0.499638605
23.02184327	22.78338802	20.97100859	24.09605022	65.69113372	88.65271208	10.63205604	16.28394824	0.062213945	0.041830727	0.035409457	0.029629518	0.892489363	0.893334268	0.049951493	0.499400119
23.02184327	22.78338802	20.97100859	24.09605022	65.69113372	81.02260032	10.63205604	16.28394824	0.062213945	0.041830727	0.035409457	0.029629518	0.892489363	0.893334268	0.049951493	0.499400119
23.24548146	20.42332378	20.55794219	31.56068592	61.50853864	85.45859024	10.47639129	10.83525478	0.058373946	0.041860067	0.03810213	0.028869058	0.894545107	0.895035221	0.049917562	0.499282038
23.24548146	20.42332378	20.55794219	31.56068592	61.50853864	85.45859024	10.47639129	10.83525478	0.059375138	0.041860067	0.03810213	0.028869058	0.894545107	0.895035221	0.049917562	0.499282038
22.61323626	23.23781469	20.86090428	27.21906474	65.12496271	90.6730813	10.26440467	31.6086028	0.070529569	0.041874361	0.036317665	0.032078083	0.893959791	0.893010203	0.049922031	0.499628163
23.33474631	20.80128022	20.70977434	27.83738358	65.4666869	85.36770338	10.49469297	12.29565279	0.058919028	0.041875729	0.036206371	0.029181621	0.894748702	0.893625447	0.049935625	0.499449181
23.3031272	23.50193435	20.31076943	30.64461989	66.03519979	85.90363062	10.50920545	10.90600071	0.062318295	0.041905296	0.036754656	0.028785073	0.894519045	0.893904503	0.049916428	0.499458879
22.88991351	23.11062223	20.81421438	32.5764442	65.06221446	86.74408476	10.44934885	13.34402543	0.062561799	0.041927304	0.035705059	0.028798082	0.89260529	0.895104191	0.049934024	0.499543865
23.40476147	22.47000678	21.31609825	29.60429414	63.89173805	86.70086377	10.54208233	30.04450285	0.067685781	0.041963113	0.035433538	0.032224061	0.893061849	0.890026527	0.04992293	0.499619903
22.45691384	20.30380703	21.33748116	23.5943913	62.12182057	83.74186674	10.64499102	24.47221296	0.062579785	0.042048277	0.03457286	0.031304122	0.895815312	0.892225361	0.049903031	0.499618549
23.656805	23.08312112	20.15937946	23.2236868	68.25490875	85.26013682	10.5553818	13.82674385	0.064513355	0.042050184	0.034756997	0.029349625	0.894956289	0.892820614	0.049935968	0.499483398
23.656805	23.08312112	20.15937946	23.2236868	68.25490875	85.26013682	10.5553818	13.88343001	0.064513355	0.042050184	0.034756997	0.029349625	0.894956289	0.892820614	0.049935968	0.499483398
22.42477705	20.702557	21.21982976	23.65107609	70.09964196	80.60381741	10.66841974	23.79440736	0.067127326	0.042097106	0.034593742	0.03131174	0.896969693	0.892051304	0.049903326	0.499594663
22.60649474	23.01834832	21.22797125	23.66949624	65.14901029	76.12041985	10.78247701	30.25930946	0.0667177	0.042156722	0.036793884	0.032322955	0.89370647	0.890517211	0.049905131	0.499630089
23.02839277	23.22098992	20.68629759	23.31801582	71.94417408	89.91273431	10.60205134	26.2850487	0.06638092	0.042161625	0.03476592	0.031771566	0.894143325	0.890917835	0.049927397	0.499501836
20.52418104	21.33464974	21.00784764	28.76608532	67.63450594	84.95360524	10.68266192	19.04486505	0.068184424	0.042164584	0.0351821	0.030241733	0.895511345	0.89312894	0.049936105	0.499560894
22.96370907	23.07821568	21.07064372	23.99334929	63.85526673	86.34335712	10.50263719	30.24265267	0.066613484	0.042173511	0.035329296	0.032140019	0.89596529	0.891872747	0.049917641	0.499582701
21.63784041	22.15953488	20.78830379	30.28148737	67.8119302	86.06994523	10.68641811	10.89058097	0.064242773	0.042203688	0.037714845	0.028626389	0.89466533	0.893330871	0.049925272	0.499486611
20.38792567	23.27321285	20.9703978	25.84248204	68.22337028	85.21251439	10.6704905	20.80387153	0.071762291	0.042212694	0.035287335	0.030286859	0.892786593	0.898379319	0.049899082	0.499649905
20.91947076	22.64051034	20.71839276	33.17442337	63.46667363	84.00618476	10.72068421	11.29379946	0.066238952	0.042214232	0.036322469	0.028547295	0.895345948	0.892335336	0.049926841	0.499461271
21.2579904	24.0530057	20.9113282	32.53368213	62.58084043	84.88261356	10.72981394	13.4876002	0.067072642	0.042229698	0.034770804	0.029347719	0.89558843	0.893927814	0.049954304	0.499517797
22.88740759	23.3699148	20.74737344	24.81529733	64.26201322	89.56632646	10.71575622	31.10980519	0.073885357	0.042231123	0.03567659	0.032879579	0.897577087	0.89107452	0.049913279	0.499567826
22.72371393	23.36795763	21.17762865	23.70649006	70.45998453	88.14250403	10.75812945	33.2019726	0.077886998	0.042541277	0.034753206	0.033282189	0.895940664	0.89102595	0.049919592	0.499597217
23.33042977	23.08959701	20.99356211	23.22736464	69.88309532	87.24330997	10.71397389	22.03021105	0.077440547	0.042549488	0.03485289	0.031286899	0.892189928	0.891386249	0.049925216	0.499637092
22.70201754	23.22746581	21.52048024	23.32169366	73.57236065	91.89590747	10.76064342	34.43182973	0.079308113	0.042660929	0.034861813	0.033708839	0.891376964	0.88948347	0.049916646	0.499655529
23.55764266	21.02117723	20.36808109	30.88951544	62.72736524	85.62443496	10.47711891	10.87691539	0.058935566	0.042763422	0.037860004	0.028832435	0.894533769	0.893953171	0.049916765	0.499292531
23.61528841	24.0997878	20.12090833	29.9734494	67.25402639	86.06947534	10.50993308	10.94766131	0.062879915	0.042808651	0.03651253	0.02874845	0.894507708	0.892822452	0.049915632	0.499469372
23.61528841	24.0997878	20.12090833	29.9734494	67.25402639	86.39667837	10.75529846	10.94766131	0.062879915	0.042808651	0.03651253	0.02874845	0.894507708	0.892822452	0.049915632	0.499469372
21.22478025	24.90951353	21.57126689	23.84495907	65.2888208	86.85756596	10.72478412	34.29784701	0.063839452	0.042831428	0.034753524	0.032001709	0.891260637	0.892200645	0.049927826	0.499616616
22.96592561	24.11374356	20.69990685	30.46587079	64.4551705	85.97857982	10.75004614	10.77896839	0.063081323	0.042840687	0.034750306	0.02875275	0.895571201	0.893489238	0.04991793	0.499507729
23.63418109	23.30474912	21.08785449	25.30885739	67.80418512	79.70287743	10.79958756	31.07191418	0.066273582	0.042851899	0.034789605	0.032457649	0.891232717	0.892679582	0.049935438	0.499603138
22.62402883	22.31986077	20.99210333	24.06224583	65.51779452	88.11411956	10.6158911	23.68498308	0.060370691	0.042879922	0.03788094	0.030085245	0.896440986	0.890736163	0.049881067	0.499589882
22.10243611	24.25716187	20.85303442	28.01775382	65.06716592	87.30054344	10.72242015	19.67591971	0.065103552	0.042907652	0.034432826	0.030447862	0.893477607	0.89347567	0.049946167	0.499611871
23.25206783	21.30051557	20.93892062	22.64164771	67.93674658	71.61368969	10.73715526	38.45910161	0.052218966	0.04292951	0.035259161	0.032199632	0.893964138	0.889094788	0.049920815	0.499614597
23.10489391	24.46328364	21.56156994	23.88833829	65.68660108	85.35805657	10.72931998	34.13625131	0.063784895	0.042995604	0.034672721	0.03181223	0.891759903	0.893302377	0.049929935	0.499628665
23.32497384	23.31648856	20.91753808	25.33206943	66.173648	100.4646498	10.78597191	28.52175058	0.065715088	0.043114923	0.034457562	0.032000478	0.891409528	0.893078548	0.049945317	0.499539752
23.32497384	23.31648856	20.91753808	25.33206943	66.173648	82.95221042	10.78597191	28.52175058	0.065715088	0.043114923	0.034457562	0.032000478	0.891409528	0.893078548	0.049945317	0.499539752
22.62012506	23.80664868	20.76563701	27.10553045	63.57455999	78.43389478	10.75262703	16.72246255	0.067546827	0.043154231	0.035645509	0.029824456	0.893993814	0.893791988	0.049946298	0.499550948
20.61887565	24.09881273	20.93514988	33.40019109	62.6315608	84.91536934	10.6332906	10.74567285	0.066248079	0.043157233	0.036928516	0.028964807	0.894654274	0.892652229	0.049950203	0.499524768
23.27781062	22.64229542	20.97869899	25.47361568	64.95099274	85.76981692	10.50349977	11.8501511	0.059806929	0.043171935	0.036567662	0.028774676	0.894738507	0.892061921	0.049898526	0.499609221
22.40595978	23.55938067	21.15902996	24.85784159	63.99481898	76.74430554	10.7215266	19.18766106	0.068576986	0.043215464	0.035888188	0.03048996	0.895412146	0.891656673	0.049939181	0.499620071
22.40595978	23.55938067	21.15902996	24.85784159	63.99481898	76.74430554	10.7215266	19.18766106	0.066203304	0.043215464	0.035888188	0.03048996	0.895412146	0.891656673	0.049939181	0.499620071
22.59999921	20.39624067	20.86727055	27.60707952	60.80292066	83.53063823	10.68919379	10.68256309	0.068326882	0.04326824	0.035585156	0.028729821	0.891652417	0.888233648	0.049850016	0.49959196
23.34232131	23.19962005	21.0506161	24.43467972	63.64326094	77.05567158	10.79394282	33.01019234	0.068466787	0.043305222	0.034471574	0.032715405	0.893964479	0.890359703	0.04992965	0.499629901
22.61048519	23.13066099	21.22947029	21.30400864	64.51575783	79.52875732	10.84506304	32.53958178	0.06728574	0.043353802	0.037005136	0.032443114	0.890743519	0.888835089	0.049898305	0.49963408
23.37247195	22.75426403	20.25803817	29.60273499	66.73987473	83.67946168	10.7586366	11.01930383	0.064871723	0.043363127	0.035796902	0.028918628	0.895296457	0.892550305	0.049919286	0.499486009
20.93914612	22.66967501	20.65339102	35.36243497	62.25486383	81.81094073	10.43314554	10.45341679	0.068794285	0.0434004	0.039503983	0.028117366	0.895486734	0.888703883	0.049865292	0.499421489
21.30451717	22.15288968	20.92533409	23.76824422	66.51779557	84.05290699	10.71667453	24.69691363	0.058211521	0.043488127	0.034586137	0.031907657	0.895495927	0.892646201	0.04990911	0.499608774
22.15271068	24.68716581	20.7239429	24.88178853	63.34569847	68.22862525	10.7316938	17.54536733	0.065663609	0.043492643	0.034478467	0.030160624	0.895123719	0.892584872	0.049927389	0.499500681
22.73564223	22.76888494	20.64371186	27.74440498	64.5975098	85.93403532	10.66176454	11.17709783	0.062817206	0.043617082	0.035863237	0.028804113	0.895111339	0.889091001	0.049915802	0.499503236
22.9456872	22.64617025	20.42087555	22.97949855	62.88590123	90.40216485	10.74042421	26.11964385	0.068554907	0.0436911	0.034792256	0.031929983	0.891693916	0.895746429	0.049898915	0.499551526
21.97256065	23.84579797	20.97306606	29.56738212	66.12897354	92.02851209	10.67403594	10.82418613	0.065081336	0.04370594	0.037824047	0.028526933	0.894626151	0.892427996	0.049904416	0.499602669
22.49449346	24.00757772	20.72405542	26.97928727	66.93424943	85.66529718	10.74703551	18.65882589	0.063137036	0.043794825	0.034375779	0.030501174	0.891414527	0.893848629	0.0499624	0.499519475
22.62572147	23.95582517	20.77329106	26.96389232	64.38973656	85.64683725	10.79221937	18.1277906	0.064504233	0.043857898	0.034321262	0.030327408	0.89355512	0.893724177	0.049939114	0.499519257
23.4327375	23.98382606	20.62787448	29.86863344	66.46608629	86.17090801	10.53424831	10.97954079	0.06565956	0.043862882	0.035713738	0.028967529	0.894785837	0.892416869	0.049925642	0.499474292
22.87093532	22.50289426	20.27629396	26.92464364	62.6880285	85.64827254	10.73350015	20.96632276	0.066350608	0.043929886	0.035071538	0.030881282	0.89163029	0.896930803	0.049932702	0.499496064
23.02485095	23.07779947	20.9019547	24.77447414	64.6887591	87.64467844	10.6322985	21.82990516	0.064923136	0.044011332	0.035877121	0.030523097	0.893634922	0.892813147	0.049947856	0.499485452
23.02487948	23.48398374	20.62714769	24.96430319	63.36546247	87.02789745	10.64479267	26.86497569	0.068371968	0.044040444	0.036072039	0.031147113	0.898238789	0.892618491	0.049913227	0.499559886
22.82034482	23.82262201	20.91103861	32.34337486	65.50089912	86.94188345	10.60369699	11.13432867	0.074150465	0.044075904	0.035491118	0.028517854	0.895837752	0.89221762	0.049902784	0.499603857
22.82034482	23.82262201	20.91103861	32.34337486	65.50089912	86.04957974	10.60369699	11.13432867	0.074150465	0.044075904	0.035491118	0.028517854	0.895837752	0.89221762	0.049902784	0.499603857
22.82034482	23.82262201	20.91103861	32.34337486	65.50089912	86.04957974	10.60369699	11.13432867	0.068349198	0.044075904	0.035491118	0.028517854	0.895837752	0.89221762	0.049902784	0.499603857
21.7741871	23.86283004	20.84677959	29.24135842	64.6131281	81.28671331	10.72618893	14.78940668	0.063391266	0.044250893	0.034313897	0.029770472	0.895075351	0.893694532	0.049946224	0.499514729
22.38312034	22.61296902	21.14902966	23.96722168	67.52142542	72.5692011	10.68498308	20.58396105	0.06950454	0.044285684	0.034939871	0.031146658	0.89632999	0.891635612	0.049933658	0.499580236
21.79351225	22.09181874	20.83861401	32.79040697	65.88233052	83.45994336	10.68365389	11.01367889	0.064697135	0.044294768	0.037659756	0.028598803	0.894504234	0.895010692	0.049939752	0.499497981
21.92980883	20.53343199	20.41268775	25.27646441	64.1476757	88.20844073	10.83206775	22.79976614	0.068832331	0.044317511	0.034093137	0.031424003	0.893246588	0.893014202	0.049919653	0.499547614
22.89785445	23.23208564	20.92474213	27.0407384	65.7681812	85.84436872	10.73096713	12.69989994	0.062480001	0.044374843	0.034279436	0.029362539	0.893873945	0.893501001	0.049921125	0.499534254
21.88474755	20.97563244	20.92216844	26.72977048	67.21126313	84.7548859	10.71737555	17.81223623	0.056833029	0.044392269	0.034246539	0.03039213	0.892129003	0.893531539	0.049931752	0.499475025
21.47276968	23.91612456	20.59727023	30.2617137	62.50294708	85.51403426	10.70259267	13.13133345	0.066078693	0.044538431	0.035436979	0.029212494	0.895060038	0.894208827	0.049949464	0.499514294
20.76347789	20.73663503	20.42083454	26.2466769	64.11563248	86.58575688	10.67788267	11.0547561	0.064835818	0.044574624	0.034293777	0.029517781	0.891038505	0.894243735	0.049901992	0.499538183
20.60306696	24.12894522	20.96908424	34.49946103	62.9982968	85.70572345	10.59858451	10.44950226	0.059678332	0.044774662	0.047945031	0.028364039	0.894197965	0.890733377	0.049943342	0.499561033
20.60306696	24.12894522	20.96908424	34.49946103	70.1619565	85.70572345	10.59858451	10.44950226	0.059678332	0.044774662	0.047945031	0.028364039	0.894197965	0.890733377	0.049943342	0.499561033
20.60306696	24.12894522	20.96908424	34.49946103	62.9982968	85.70572345	10.59858451	10.44950226	0.059678332	0.044774662	0.0406357	0.028364039	0.894197965	0.890733377	0.049943342	0.499561033
22.84302016	22.67858687	20.626548	22.93078295	64.09842786	85.94894059	10.74142797	26.74410472	0.055416684	0.044777993	0.03550218	0.03193326	0.893217808	0.895521391	0.049898864	0.499567377
20.61613349	24.18169199	20.88373154	35.32129086	62.09112765	85.70727892	10.5582902	10.14691199	0.055775268	0.04478502	0.046736037	0.028340458	0.894219771	0.89195888	0.049930436	0.499151251
20.61613349	24.18169199	20.88373154	35.32129086	62.09112765	85.70727892	10.5582902	10.14691199	0.060934309	0.04478502	0.046736037	0.028340458	0.894219771	0.89195888	0.049930436	0.499151251
21.34527296	24.14497491	20.95395732	36.05285688	63.42403609	82.18871526	10.48058092	10.25753082	0.062988485	0.04479427	0.047267102	0.028271053	0.894213538	0.891229569	0.049922565	0.499080975
22.94763632	22.89211204	21.36397463	27.99299779	70.84492315	88.49249011	10.6463173	33.98076416	0.071209694	0.04482957	0.035695845	0.032576108	0.893053458	0.889590014	0.049912384	0.499631782
22.94763632	22.89211204	21.36397463	27.99299779	66.16770549	88.49249011	10.6463173	33.98076416	0.071209694	0.04482957	0.035695845	0.032576108	0.893053458	0.889590014	0.049912384	0.499631782
23.3202406	23.46655053	20.69533533	28.29744092	60.06420097	78.49540961	10.23976449	15.87780308	0.067842192	0.044841099	0.034727937	0.029275259	0.894125957	0.892685701	0.049932993	0.499620838
23.3202406	23.46655053	20.69533533	28.29744092	63.41709377	82.50676943	10.23976449	15.87780308	0.067842192	0.044841099	0.034727937	0.030043761	0.894125957	0.892685701	0.049932993	0.499620838
23.3202406	23.46655053	20.69533533	28.29744092	63.41709377	82.50676943	10.23976449	15.87780308	0.067842192	0.044841099	0.034727937	0.029275259	0.894125957	0.892685701	0.049932993	0.499620838
20.5774621	24.24973459	21.00252298	32.16334654	71.45828812	86.75056864	10.60775741	10.49907804	0.066128653	0.044858121	0.041141872	0.028225444	0.891471662	0.889021221	0.049909232	0.499561705
20.5774621	24.24973459	21.00252298	32.16334654	63.85986712	86.75056864	10.60775741	10.49907804	0.066128653	0.044858121	0.041141872	0.028225444	0.891471662	0.889021221	0.049909232	0.499561705
21.1301156	23.80473433	20.96137367	32.04646677	64.79312279	86.31147653	10.64177569	10.55123518	0.068754871	0.044864483	0.039134686	0.028193461	0.893140385	0.889627971	0.049878932	0.499654942
23.1458184	23.6949711	20.73318954	33.11375365	72.7325059	82.08706481	10.25928379	10.19225679	0.067137236	0.044959236	0.045594477	0.028050122	0.894182257	0.892488816	0.049927979	0.499401819
23.01886762	23.66423632	20.95441007	22.54900354	62.73716406	84.98550336	10.7510814	14.8164971	0.069199031	0.044983231	0.034748402	0.029271651	0.892130903	0.890687552	0.0499524	0.499548264
23.01886762	23.66423632	20.95441007	22.54900354	62.73716406	84.98550336	10.7510814	12.17022828	0.069199031	0.044983231	0.034748402	0.029271651	0.892130903	0.890687552	0.0499524	0.499548264
22.80199921	21.15267949	21.11551769	22.59625013	64.96953869	85.34671425	10.64036481	36.94701558	0.050928789	0.045032424	0.035747803	0.032155245	0.891035563	0.889358436	0.049904649	0.499598421
22.28440161	23.25736473	20.71008954	25.28464597	65.8067694	81.34270087	10.5011185	17.78760029	0.067675224	0.045059946	0.034530783	0.029829077	0.895634228	0.892513491	0.049943003	0.499619711
22.59826746	24.23644786	20.59383521	30.36563721	62.49140111	82.25760136	10.37823376	12.02474261	0.065646731	0.045066736	0.035605279	0.029084489	0.895115055	0.894863169	0.049939524	0.499511852
22.59826746	24.23644786	20.59383521	30.36563721	62.49140111	82.25760136	10.67888743	12.02474261	0.065646731	0.045066736	0.035605279	0.029084489	0.895115055	0.894863169	0.049939524	0.499511852
23.50300011	22.41572411	21.31802618	29.19943155	63.77293833	87.51516749	10.69428091	29.8682222	0.066536846	0.045086842	0.035177857	0.032224002	0.892047889	0.890013994	0.049936262	0.499630022
23.09686257	25.14152432	20.81858785	36.39332886	73.29490713	81.99029252	10.31734402	10.00378774	0.06299597	0.045095766	0.045778272	0.02804697	0.894222142	0.892414916	0.049822881	0.498637438
23.09686257	25.14152432	20.81858785	36.39332886	61.98865761	81.99029252	10.31734402	10.00378774	0.06299597	0.045095766	0.045778272	0.02804697	0.894222142	0.892414916	0.049822881	0.498637438
23.09686257	25.14152432	20.59894398	36.39332886	61.98865761	85.71154562	10.31734402	10.00378774	0.06299597	0.045095766	0.045778272	0.02833928	0.894222142	0.892414916	0.049822881	0.498637438
23.09686257	25.14152432	20.81858785	36.39332886	67.88784324	81.99029252	10.31734402	10.00378774	0.06299597	0.045095766	0.045778272	0.02804697	0.894222142	0.892414916	0.049822881	0.498637438
22.81512448	24.12020334	20.39777396	30.155658	63.60442999	83.83060507	10.37459549	12.52154158	0.063068298	0.04513888	0.034698119	0.029202521	0.894222576	0.894407868	0.049929441	0.499492834
22.77245049	20.70000828	21.05080887	22.3257357	65.20243736	85.98363306	10.70370058	31.72879009	0.049261271	0.045235536	0.035739424	0.032200197	0.890838716	0.888767562	0.04989687	0.499608509
22.77245049	20.70000828	21.05080887	22.3257357	65.20243736	85.98363306	10.70370058	31.72879009	0.066671904	0.045235536	0.035739424	0.032200197	0.890838716	0.888767562	0.04989687	0.499608509
20.43122478	21.95906563	20.64769484	35.42327951	63.06302612	83.24636548	10.32130023	10.32987872	0.048952446	0.045240481	0.041437737	0.028065543	0.893853712	0.88957929	0.049846736	0.498569618
20.43122478	21.95906563	20.64769484	35.42327951	63.06302612	83.25011098	10.32130023	10.32987872	0.048952446	0.045240481	0.041437737	0.028065543	0.893853712	0.88957929	0.049846736	0.498569618
23.18903961	24.94538531	20.94015093	33.01965648	66.63264767	84.38021051	10.30682825	10.39948057	0.08528151	0.045261446	0.045704363	0.02782993	0.894660229	0.891194811	0.049837776	0.499330971
20.5667537	21.97197297	20.94935547	34.11267896	63.93946127	85.85377817	10.65935618	10.57668005	0.063791401	0.045304443	0.039257439	0.028160541	0.890094589	0.895016714	0.049878106	0.499444249
20.5667537	21.97197297	20.94935547	34.11267896	63.93946127	78.30608514	10.65935618	10.57668005	0.063791401	0.045304443	0.039257439	0.028160541	0.890094589	0.895016714	0.049878106	0.499444249
22.9913207	21.15787572	20.52805861	30.64514544	68.51826722	87.38307462	10.75342752	12.83980918	0.067449953	0.045306672	0.034297341	0.029376902	0.890604205	0.894324564	0.049970088	0.499428736
22.9913207	21.15787572	20.52805861	30.64514544	68.51826722	87.38307462	10.75342752	12.83980918	0.067449953	0.045306672	0.034297341	0.029535182	0.890604205	0.894324564	0.049970088	0.499428736
22.52626413	23.36971752	20.88998811	25.77344355	66.93548327	83.61425146	10.7514094	20.37630706	0.065503781	0.04537203	0.034401494	0.030588385	0.891428247	0.893328479	0.049950289	0.499518838
22.52626413	23.36971752	20.88998811	23.17837215	66.93548327	83.61425146	10.7514094	19.46838894	0.065726867	0.04537203	0.034401494	0.030588385	0.891428247	0.893328479	0.049950289	0.499518838
22.25740787	24.41010832	20.71343757	35.17079222	62.17829476	85.90304396	10.56240864	10.37478822	0.066664286	0.045415508	0.045040578	0.028254812	0.894213433	0.890375723	0.049891988	0.498910483
20.76628234	23.46754316	21.00904184	28.77525183	62.39103441	84.98939686	10.6148566	10.73605265	0.0733222	0.045529541	0.038216691	0.028486577	0.892259061	0.8970783	0.049892552	0.499632205
22.70738477	24.2852109	20.75590253	35.78797645	64.28139543	84.04783371	10.30458294	11.73429262	0.064112272	0.045716187	0.035784969	0.028789008	0.895156271	0.89544133	0.049912662	0.499556125
20.45115183	21.3617126	20.44972608	31.53614177	64.81504176	90.08555842	10.66703978	11.36859991	0.062194731	0.045765434	0.038566307	0.028170568	0.893447957	0.892298694	0.049874299	0.499312264
22.10800739	22.2536762	20.30505507	25.98419011	63.73619219	85.34145253	10.56885353	11.3916312	0.050439712	0.045773229	0.036292446	0.028298162	0.893216751	0.89055925	0.049898004	0.499000201
20.81315519	23.75596796	20.9910998	35.31451578	63.49524765	86.05557964	10.5998562	10.4579581	0.065485693	0.045796194	0.041153148	0.028067348	0.891077977	0.890195963	0.049907395	0.499513023
21.84326432	23.90665932	20.6916716	36.14350597	63.02673229	84.04509706	10.23321283	11.66494377	0.067062271	0.045800432	0.034880576	0.028928171	0.89535031	0.894139018	0.049941407	0.499611714
21.84326432	23.90665932	20.6916716	36.14350597	72.86934874	84.04509706	10.23321283	11.66494377	0.067062271	0.045800432	0.034880576	0.028928171	0.89535031	0.894139018	0.049941407	0.499611714
20.5667537	21.97197297	20.94935547	34.11267896	63.93946127	68.62515135	10.65935618	10.57668005	0.063791401	0.045855227	0.039257439	0.028160541	0.890094589	0.895016714	0.049878106	0.499444249
20.5667537	21.97197297	20.94935547	34.11267896	63.93946127	85.85377817	10.65935618	10.57668005	0.063791401	0.045855227	0.039257439	0.028160541	0.890094589	0.895016714	0.049878106	0.499444249
20.91167072	21.88913845	20.90473447	34.86584567	61.88014315	91.65129988	10.53504148	10.36582315	0.059723693	0.045866208	0.042101539	0.027821275	0.892974341	0.889042278	0.049857303	0.499314215
20.91167072	21.88913845	20.90473447	34.86584567	61.88014315	91.90622926	10.53504148	10.36582315	0.059723693	0.045866208	0.042101539	0.027821275	0.892974341	0.889042278	0.049857303	0.499314215
24.04508126	23.22276172	21.1646028	22.899701	66.73192318	77.62431883	10.67393026	33.55202778	0.06952548	0.046053994	0.034478908	0.032692727	0.893824792	0.88816433	0.049921104	0.499639349
20.95689555	24.49065005	20.91272965	35.10149337	61.81433025	85.20964846	10.39401115	10.19833434	0.060635383	0.046098441	0.046596753	0.027954117	0.893748469	0.889286715	0.049833129	0.498865281
20.12651075	21.67926377	20.27651421	31.5505497	63.61694951	84.03947628	10.4942184	10.41471402	0.046504646	0.046111581	0.041255372	0.028076487	0.893852136	0.888559435	0.049847526	0.498557665
20.12651075	21.67926377	20.27651421	31.5505497	63.61694951	90.8380764	10.4942184	10.41471402	0.046504646	0.046111581	0.041255372	0.028076487	0.893852136	0.888559435	0.049847526	0.498557665
20.53419392	22.10483687	21.11061232	34.21835401	64.42081753	85.37665861	10.6281331	10.5672973	0.070102688	0.046176207	0.049618709	0.028145998	0.893681651	0.892886895	0.049884044	0.499515266
21.31818932	22.21953758	20.58218063	32.26264823	63.13190118	97.44072465	10.71382027	10.96384924	0.064399251	0.046212684	0.034521977	0.029150088	0.895234223	0.893776662	0.049884222	0.499582034
22.2604147	25.23480888	20.92074532	35.23301567	61.60415772	82.25234852	10.34501777	10.0936668	0.063569309	0.046259645	0.047278588	0.028179493	0.893770306	0.889784182	0.049816838	0.498083922
23.25938588	26.10937316	20.90844645	33.61193183	60.62974838	87.86851699	10.54588381	10.21735173	0.065748124	0.046319484	0.048455497	0.027364761	0.891167139	0.882534144	0.049809536	0.462180067
22.05108073	23.12473907	20.51083334	30.35498614	63.00909026	83.64184323	10.72276078	16.48641689	0.064546821	0.046426016	0.034370092	0.029688952	0.896073367	0.893581543	0.049936209	0.49960021
23.82859478	23.30233069	21.2341821	24.71168828	63.50111105	88.81396842	10.52389418	28.09584685	0.068489283	0.046474769	0.035540507	0.031985747	0.898911719	0.890152265	0.049900794	0.499561548
21.40927818	21.17899179	21.0197351	23.57807968	65.20577752	86.33219696	10.65768813	26.05741353	0.070967038	0.04655183	0.035161551	0.031958863	0.89599361	0.889863571	0.049944969	0.499622225
20.70650059	24.32302313	20.72318835	33.53401707	63.59698348	83.84881245	10.75267698	10.856916	0.069257213	0.046677981	0.040764553	0.028375995	0.895525596	0.892202085	0.049961179	0.499607665
20.64018621	20.30277573	21.00513555	35.48918367	63.31947879	82.01377527	10.58306348	10.34542724	0.053838907	0.046690691	0.042675466	0.028044983	0.896027876	0.888224184	0.049829587	0.499727567
20.17080568	22.43229258	20.79747266	34.39653302	62.39618329	82.12524613	10.49790583	10.41483817	0.047212884	0.046710522	0.044219874	0.027972959	0.893355872	0.885937078	0.049841561	0.499374547
20.48908788	20.94621973	21.14015242	35.45332543	63.65055724	82.17905188	10.58187325	10.43603113	0.058473553	0.046714706	0.047223465	0.028055085	0.895757049	0.888244661	0.049837138	0.499688367
20.99601043	23.59087327	20.99971761	25.99540958	65.02036792	86.29690153	10.66963901	22.44805566	0.069822422	0.046723413	0.034849343	0.031156985	0.895437902	0.892209726	0.049944183	0.49952446
20.39996102	22.30764199	21.11142308	34.67261794	65.27082156	83.46390931	10.60120126	10.47690232	0.078487509	0.046911117	0.049888817	0.028117619	0.895468534	0.887432385	0.049886779	0.475853513
20.39996102	22.30764199	21.11142308	34.67261794	65.27082156	83.46390931	10.60120126	10.47690232	0.063048915	0.046911117	0.049888817	0.028117619	0.895468534	0.887432385	0.049886779	0.49964842
20.39996102	22.30764199	21.11142308	34.67261794	65.27082156	83.46390931	10.60120126	10.47690232	0.078487509	0.046911117	0.049888817	0.028117619	0.895468534	0.887432385	0.049886779	0.49964842
20.39996102	22.30764199	21.11142308	34.67261794	72.90956098	83.46390931	10.60120126	10.47690232	0.074502145	0.046911117	0.049888817	0.028117619	0.895468534	0.887432385	0.049886779	0.49964842
20.68698135	24.31341928	21.16164779	27.66578646	62.79322601	85.90091315	10.61704498	10.82507409	0.0945438	0.046917127	0.040480169	0.028117974	0.894416909	0.889135112	0.049885561	0.499580133
20.86867225	21.89520642	20.9384978	35.67034566	61.66119127	87.65491531	10.51800767	10.45776433	0.054814903	0.046931681	0.042934436	0.027920024	0.890097115	0.895419166	0.049812852	0.49968525
20.86867225	21.89520642	20.9384978	35.67034566	61.66119127	87.65491531	10.51800767	10.45776433	0.060217992	0.046931681	0.042934436	0.027920024	0.890097115	0.895419166	0.049812852	0.49968525
20.86867225	21.89520642	20.9384978	35.67034566	61.66119127	87.65491531	10.51800767	10.45776433	0.060217992	0.046931681	0.040539784	0.027920024	0.890097115	0.895419166	0.049812852	0.49968525
20.39188687	22.84622504	21.21560292	34.96772705	64.83023213	83.4095283	10.58142121	10.44853669	0.078381692	0.046964638	0.047351383	0.028113871	0.895325674	0.88830724	0.049858591	0.499648608
20.36790373	22.88365285	21.2171316	35.09990748	64.54634141	82.98744333	10.56158588	10.42278316	0.051134412	0.046994438	0.041638826	0.028049742	0.895289172	0.88973951	0.049836983	0.499658783
21.31724598	22.65789328	20.74746544	35.28329061	62.18786167	91.61125307	10.27722579	10.83781852	0.06398565	0.047070039	0.039556136	0.027929675	0.895741432	0.895047045	0.049855821	0.499472162
22.52123779	20.84560705	21.02081257	22.01725083	65.22729446	84.16320978	10.7805713	21.72142832	0.063049329	0.047116028	0.035341044	0.031041105	0.891412439	0.892273994	0.049905168	0.49954207
21.85281	21.43144741	20.68055287	24.58808503	79.6592625	89.08698713	10.72291042	13.59975029	0.063259821	0.047550556	0.035396035	0.028855549	0.891927498	0.890528308	0.049937361	0.49948489
21.85281	21.43144741	20.68055287	24.58808503	63.31723161	89.08698713	10.72291042	13.59975029	0.063259821	0.047550556	0.035396035	0.028855549	0.891927498	0.890528308	0.049937361	0.49948489
21.09891354	23.98165427	20.96402972	31.78070937	63.35651253	90.14685547	10.7531071	10.34125816	0.068650154	0.047650836	0.039849914	0.028253368	0.895913461	0.889776908	0.049935073	0.499624406
21.09891354	23.98165427	20.96402972	31.78070937	63.35651253	86.58588525	10.7531071	10.34125816	0.068650154	0.047650836	0.039849914	0.028253368	0.895913461	0.889776908	0.049935073	0.499624406
21.78907184	21.64765892	21.03252173	22.45081488	64.85823522	86.24770908	10.68893783	30.37809645	0.07450998	0.047655496	0.035067114	0.03265631	0.892654529	0.889401858	0.049907271	0.499632804
22.6879016	23.34275916	21.27527682	23.69499673	64.61742269	96.97774844	10.74777411	30.48866454	0.077376613	0.047676835	0.035112589	0.032683339	0.893868029	0.890523157	0.049916023	0.499601145
22.6879016	23.34275916	21.27527682	23.69499673	64.61742269	86.40324129	10.74777411	30.48866454	0.077376613	0.047676835	0.035112589	0.032683339	0.893868029	0.890523157	0.049916023	0.499601145
23.56082188	24.96317424	20.99196345	30.14569176	69.14283308	85.72762826	10.31200252	10.03179822	0.064827537	0.047754654	0.044459465	0.027826514	0.895645382	0.890310709	0.049830007	0.498725559
21.11841613	23.3293782	20.96234155	25.72858673	67.27256066	84.82449689	10.77573802	25.33461899	0.070475463	0.047785726	0.035005814	0.031974701	0.892702263	0.896594715	0.049900768	0.499647448
24.28650896	23.14893931	20.70503252	21.95768033	63.08804973	84.21178868	10.84553942	19.10018217	0.065378268	0.04780415	0.034371627	0.030468202	0.894510378	0.892882215	0.049916831	0.499378027
24.28650896	23.14893931	20.70503252	21.95768033	70.36761256	84.21178868	10.84553942	19.10018217	0.065378268	0.04780415	0.034371627	0.030468202	0.894510378	0.892882215	0.049916831	0.499378027
20.79866085	23.46803966	21.09673018	32.36761798	61.66659569	84.78290396	10.53840452	10.50265328	0.079356195	0.047859331	0.040489127	0.02806532	0.890136432	0.895047341	0.049871112	0.499597678
22.08398134	25.58551124	20.78744716	31.14539687	63.85758741	76.53179027	10.52207356	10.24441394	0.06430365	0.047888013	0.048509075	0.027762716	0.892341494	0.881408847	0.049813534	0.497318758
24.32497525	22.06844467	20.92728568	34.77480262	71.26103927	85.13257892	10.48527606	10.31890353	0.064437666	0.048022729	0.048212035	0.027665424	0.892745131	0.88747773	0.04981609	0.488444358
24.32497525	22.06844467	20.92728568	34.77480262	60.69800516	85.13257892	10.48527606	10.31890353	0.064437666	0.048022729	0.048212035	0.027665424	0.892745131	0.88747773	0.04981609	0.488444358
22.7216981	22.90545875	21.19375923	22.5522368	64.46152224	80.46491259	10.7455836	29.14039996	0.045716624	0.04804054	0.035675848	0.032205448	0.896212506	0.889913745	0.049898298	0.499608759
22.7216981	22.90545875	21.19375923	22.5522368	64.46152224	80.46491259	10.7455836	29.14039996	0.0552609	0.04804054	0.035675848	0.032205448	0.896212506	0.889913745	0.049898298	0.499608759
22.67727739	23.60360682	20.63177972	26.90586597	66.21989285	85.52387655	10.71586666	13.11034907	0.076655675	0.048799902	0.033857282	0.029635447	0.890921044	0.894140346	0.049941969	0.499430168
21.74265878	23.27401351	21.04189082	33.61674448	62.53893837	83.83127176	10.50183246	10.45697564	0.067543468	0.049243337	0.048414595	0.028023538	0.892669219	0.887384084	0.049829243	0.499063601
21.23715203	23.91970611	20.95679262	32.28084996	62.17652696	84.77543452	10.54466518	10.36607392	0.065070863	0.049301746	0.043795917	0.028018518	0.891105226	0.891441712	0.049819379	0.499536252
23.71743751	21.38693579	21.06993257	23.53567202	64.04754028	87.15648398	10.71060855	28.28152684	0.042441386	0.049383018	0.035737754	0.032192781	0.897084906	0.890141317	0.049897094	0.499603678
23.71743751	21.38693579	21.06993257	23.53567202	64.04754028	87.15648398	10.71060855	28.28152684	0.03159236	0.049383018	0.035737754	0.032192781	0.897084906	0.890141317	0.049897094	0.499603678
21.24695134	22.93163606	21.5563769	36.4310282	67.96275252	84.21113292	10.58629115	10.1331377	0.059586472	0.04943069	0.048381621	0.027691354	0.881754173	0.880319496	0.049809784	0.481743821
23.42903034	22.93229349	20.89866363	23.51158514	68.50560648	66.98170331	10.80575749	18.61924959	0.066995867	0.049748629	0.034410734	0.030413998	0.894915002	0.892631573	0.04995503	0.499589898
23.42903034	22.93229349	20.89866363	23.51158514	68.50560648	67.12243538	10.80575749	18.61924959	0.066995867	0.049748629	0.034410734	0.030413998	0.894915002	0.892631573	0.04995503	0.499589898
21.26726142	21.2304342	21.00276459	26.02993599	64.97550434	86.25981906	10.66717061	25.74276881	0.066557541	0.050092345	0.034889185	0.031669264	0.895817912	0.890137564	0.049944157	0.499599659
20.86867225	21.89520642	20.9384978	35.67034566	61.66119127	87.65491531	10.51800767	10.45776433	0.060217992	0.05021963	0.040539784	0.027920024	0.890097115	0.895419166	0.049812852	0.49968525
20.86867225	21.89520642	20.9384978	35.67034566	61.66119127	100.3869128	10.51800767	10.45776433	0.060217992	0.05021963	0.040539784	0.027920024	0.890097115	0.895419166	0.049812852	0.49968525
21.47284512	23.42593949	20.94536944	35.43201919	61.81190749	84.08044553	10.53676397	10.32495398	0.064427903	0.050239819	0.043807193	0.027945213	0.890711541	0.892616454	0.049817542	0.49948757
20.85399367	23.64231567	20.9827471	28.44726589	64.79009474	86.22452363	10.67912149	22.13341094	0.065412925	0.050263927	0.034576977	0.030867387	0.895262204	0.892483719	0.049943371	0.499501894
22.62572147	23.95582517	20.77329106	26.96389232	64.38973656	85.64683725	10.79221937	18.1277906	0.064504233	0.050626643	0.034321262	0.030327408	0.89355512	0.893724177	0.049939114	0.499519257
22.2604147	25.23480888	20.92074532	35.23301567	61.60415772	82.25234852	10.34501777	10.0936668	0.063569309	0.050705552	0.047278588	0.028179493	0.893770306	0.889784182	0.049816838	0.498083922
20.86301205	24.11415435	21.11292787	31.56180669	64.79817966	83.46937843	10.55643858	10.4764711	0.072034015	0.050954593	0.04087763	0.028060087	0.895011133	0.887785399	0.04985848	0.499583189
20.34708357	25.0366953	21.07786872	36.22216219	64.50392247	81.49693448	10.58479611	10.12351435	0.062340804	0.052095461	0.048742733	0.027700053	0.886154052	0.882280681	0.049810841	0.481931478
24.32497525	22.06844467	20.92728568	34.77480262	60.69800516	85.13257892	10.48527606	10.31890353	0.064437666	0.05228482	0.048212035	0.027665424	0.892745131	0.88747773	0.04981609	0.488444358
20.89779304	24.64693182	20.94542032	34.80522819	63.18880385	84.54625962	10.44339598	10.42451694	0.060744497	0.052443443	0.046870405	0.028194568	0.892990756	0.893644671	0.049827166	0.499230116
21.87644623	21.22362454	20.90545279	32.58686146	60.95961086	89.40459704	10.52927692	10.36514918	0.066250825	0.052597494	0.046200131	0.027793859	0.891461324	0.88231891	0.04981462	0.4656191
22.09949245	23.71992772	20.83616753	32.54712398	73.46149894	80.68207635	10.62068009	10.14741546	0.064084036	0.052645272	0.048438794	0.027824865	0.891090264	0.881635687	0.049814351	0.492053179
22.09949245	23.71992772	20.83616753	32.54712398	62.30448647	80.68207635	10.62068009	10.14741546	0.064084036	0.052645272	0.048438794	0.027824865	0.891090264	0.881635687	0.049814351	0.492053179
22.08398134	25.58551124	20.78744716	31.14539687	63.85758741	76.53179027	10.54941385	10.24441394	0.06430365	0.053206065	0.048509075	0.027384238	0.892341494	0.881408847	0.049813534	0.497318758
22.08398134	25.58551124	20.78744716	31.14539687	63.85758741	76.53179027	10.54941385	10.24441394	0.06430365	0.053206065	0.048425057	0.027762716	0.892341494	0.881408847	0.049813534	0.497318758
20.53217411	24.581524	20.95443935	31.5518352	61.73123287	84.20556129	10.51521723	10.45653614	0.060096027	0.053452252	0.04122555	0.027684474	0.890689483	0.895488506	0.049822129	0.499418761
22.27792763	25.41824851	20.64218441	32.67588702	67.87594106	79.64377607	10.48952322	10.27944254	0.064062054	0.053803144	0.044535564	0.027695331	0.894168736	0.890202739	0.049881099	0.497642268
22.77505882	25.32103114	20.50563835	33.47476719	61.89920113	88.29726601	10.41680508	10.36575645	0.058950715	0.05580061	0.043308202	0.027622352	0.896936429	0.891707983	0.049896908	0.498484138
22.77505882	25.32103114	20.50563835	33.47476719	69.04993861	88.29726601	10.41680508	10.36575645	0.058950715	0.05580061	0.043308202	0.027622352	0.896936429	0.891707983	0.049896908	0.498484138
21.07916626	23.23174315	20.91834634	31.36997353	64.50439038	89.31252222	10.5235731	10.40765732	0.071440192	0.05585984	0.044961205	0.028077086	0.895275813	0.886364581	0.049875373	0.499488523
23.77871361	22.06305178	21.39017573	33.28747945	61.61116858	83.5304973	10.57518499	10.28596874	0.067420891	0.056188901	0.046149564	0.027633313	0.888491204	0.886976296	0.049880721	0.499144779
21.87069329	26.71640947	21.63371258	33.94028311	61.3712779	77.3187222	10.45197902	10.22882785	0.057051759	0.056554267	0.047358955	0.027557259	0.889635855	0.888162867	0.049835472	0.498198689
23.28202316	22.22191766	20.38158294	35.6074169	60.88213889	85.94453647	10.41013568	10.57165597	0.052581885	0.056732344	0.043185514	0.027914414	0.896535369	0.895258816	0.049873953	0.499240307
22.3269239	21.7682383	21.46547363	34.1360245	64.17320736	83.32950366	10.56493577	10.16745518	0.062132985	0.056790551	0.048061229	0.027768519	0.885224291	0.881489016	0.049817365	0.462633358
22.05901675	24.14005464	20.62288539	36.34281448	67.57894235	81.39804823	10.5920664	10.13708191	0.06167871	0.05743474	0.048923921	0.027822971	0.885134311	0.879413523	0.049818102	0.48862307
22.05901675	24.14005464	21.45008944	36.34281448	67.57894235	81.39804823	10.36625025	10.13708191	0.06167871	0.05743474	0.04784848	0.027822971	0.885134311	0.879413523	0.049818102	0.48862307
22.05901675	24.14005464	21.45008944	36.34281448	67.57894235	81.39804823	10.36625025	10.13708191	0.06167871	0.05743474	0.048923921	0.027822971	0.885134311	0.879413523	0.049818102	0.48862307
24.57517815	21.30323619	21.17251237	35.37667352	60.84650976	85.12986105	10.44106592	10.42202502	0.058895804	0.058092895	0.043863277	0.027727258	0.894934744	0.888227261	0.049832585	0.499283674
22.42186402	23.18327015	20.84881409	30.89807724	61.77250719	88.50681912	10.4242043	10.38773064	0.064481515	0.058192059	0.043486982	0.027983004	0.892476497	0.88631628	0.049817837	0.498903705
22.42186402	23.18327015	20.84881409	30.89807724	61.77250719	89.67988467	10.4242043	10.38773064	0.064481515	0.058192059	0.043486982	0.027983004	0.892476497	0.88631628	0.049817837	0.498903705
20.63187506	25.04031745	21.1527103	32.46045518	62.87808306	76.22257204	10.3900676	10.46937179	0.066796192	0.05935663	0.04953855	0.028071218	0.894386655	0.889900768	0.04985342	0.499645059
20.63187506	25.04031745	21.1527103	32.46045518	62.87808306	83.55427299	10.3900676	10.46937179	0.066796192	0.05935663	0.04953855	0.028071218	0.894386655	0.889900768	0.04985342	0.499645059
21.09492609	25.83198528	21.15421509	29.9336211	62.40544116	83.55974211	10.34530492	10.46894057	0.064328062	0.063400106	0.040527362	0.028013686	0.893929254	0.890253781	0.049825121	0.499579828
22.87738754	26.95618436	20.97694189	26.56351447	61.46658409	81.53906209	10.40687146	10.40100693	0.052814642	0.064908749	0.043976975	0.027613157	0.893936027	0.888741257	0.049823546	0.49846422
24.04508126	23.22276172	21.1646028	22.899701	66.73192318	77.62431883	10.67393026	33.55202778	0.06952548	0.064919252	0.034478908	0.032692727	0.893824792	0.88816433	0.049921104	0.499639349
24.04508126	23.22276172	21.1646028	22.899701	66.22813615	77.62431883	10.67393026	33.55202778	0.06952548	0.064919252	0.034478908	0.032692727	0.893824792	0.88816433	0.049921104	0.499639349
22.05901675	24.14005464	21.45008944	36.34281448	67.57894235	81.39804823	10.36625025	10.13708191	0.06167871	0.067019093	0.048923921	0.027822971	0.885134311	0.879413523	0.049818102	0.48862307