22.75111	21.41160	20.29565	34.62124	80.61339	82.03940	10.00000	38.14868	0.09384	0.05616	0.03937	0.03235	0.90000	0.90000	0.05000	0.50000
20.00000	26.04831	20.26318	37.69061	77.17221	102.25823	10.00000	10.00000	0.08503	0.05834	0.05000	0.02685	0.88979	0.90000	0.05000	0.50000
25.37090	21.71360	20.36772	35.98115	70.89714	97.23617	10.00368	10.03187	0.08398	0.06171	0.05000	0.02777	0.89984	0.89870	0.05000	0.49057
24.59340	20.00000	20.00000	44.31146	85.29403	100.22160	10.00000	10.00000	0.09677	0.06363	0.05000	0.02724	0.90000	0.89835	0.05000	0.50000
23.83731	21.64128	20.24110	35.84304	72.80285	97.67336	10.01197	10.02032	0.08602	0.06811	0.04945	0.02712	0.89925	0.89974	0.05000	0.50000
22.05816	21.00731	20.08641	35.31254	61.39806	91.95571	10.00599	10.00124	0.08707	0.07087	0.04877	0.02687	0.89756	0.89972	0.05000	0.49825
23.86759	21.64047	20.40040	35.61090	72.69380	94.88990	10.01236	10.04954	0.08609	0.07087	0.04870	0.02711	0.89869	0.89974	0.05000	0.49998
23.91250	21.45460	20.34784	35.74011	70.48606	97.91380	10.03858	10.00727	0.07339	0.07220	0.04949	0.02783	0.89863	0.89980	0.05000	0.49802
24.48426	23.16449	20.44732	36.03963	70.04656	95.24868	10.01896	36.54717	0.08090	0.07260	0.04164	0.03257	0.89829	0.89967	0.05000	0.49998
24.60608	21.31703	20.09966	34.85052	71.25279	92.44248	10.08069	16.31771	0.08910	0.07284	0.03629	0.02917	0.89936	0.89977	0.05000	0.49998
24.22175	22.17372	20.08256	34.85237	69.33460	92.35158	10.03136	18.62112	0.08186	0.07321	0.03798	0.02927	0.89845	0.89971	0.05000	0.49998
24.58428	22.42240	20.39426	36.85928	70.06436	90.90518	10.01346	35.41181	0.07851	0.07340	0.03862	0.03261	0.89815	0.89967	0.05000	0.49999
24.82572	22.68576	20.26292	35.99372	70.50182	90.91141	10.01224	32.53285	0.08031	0.07378	0.03836	0.03189	0.89817	0.89967	0.05000	0.49999
24.50350	23.14163	20.26466	34.54391	74.16969	95.50449	10.01952	26.82021	0.08070	0.07392	0.03831	0.03143	0.89873	0.89979	0.05000	0.49999
23.63830	22.52953	20.32818	36.80264	70.38875	93.64605	10.01930	32.17741	0.08127	0.07409	0.03849	0.03216	0.89834	0.89970	0.05000	0.49999
24.70521	21.32386	20.10441	34.82668	69.75300	92.00608	10.03119	16.56242	0.08424	0.07431	0.03720	0.02888	0.89885	0.89972	0.05000	0.49998
25.30125	22.54515	20.31050	34.77709	69.75074	93.32631	10.03592	15.85915	0.08431	0.07442	0.03795	0.02887	0.89920	0.89976	0.05000	0.49998
24.34015	21.73847	20.36605	34.24547	71.79870	97.51048	10.03301	10.29294	0.08039	0.07453	0.03813	0.02812	0.89950	0.89972	0.05000	0.49998
24.82956	20.91348	20.26804	35.50281	69.43105	91.78754	10.04546	10.05985	0.08266	0.07474	0.03944	0.02736	0.89849	0.89970	0.05000	0.49998
24.52590	21.69286	20.16272	35.12476	67.83177	93.99375	10.03131	16.79687	0.08688	0.07478	0.03738	0.02910	0.89888	0.89972	0.05000	0.49999
24.18919	21.36055	20.13531	34.27969	71.84473	92.57421	10.02876	22.22654	0.09148	0.07479	0.03676	0.03053	0.89898	0.89980	0.05000	0.49998
25.34727	21.74656	20.28228	34.36334	70.41385	97.58319	10.03167	13.68807	0.08231	0.07486	0.03779	0.02817	0.89933	0.89974	0.05000	0.49998
24.65500	23.67735	20.42332	36.42309	69.95175	94.19383	10.02402	27.52175	0.07958	0.07492	0.03807	0.03145	0.89861	0.89969	0.05000	0.49999
24.16082	20.64831	20.14475	35.15049	69.70663	93.07190	10.03205	10.00000	0.08430	0.07495	0.03813	0.02825	0.89885	0.89971	0.05000	0.49998
24.47048	21.68857	20.39525	35.08690	72.81936	94.56582	10.03189	19.67389	0.08301	0.07508	0.03840	0.02917	0.89807	0.89967	0.05000	0.49999
24.35947	22.09591	20.37732	34.64200	71.60554	94.59859	10.02173	22.02927	0.08007	0.07508	0.03813	0.03021	0.89794	0.89971	0.05000	0.49998
24.63517	21.83065	20.38509	34.49568	72.02561	93.22505	10.01621	24.76089	0.07930	0.07511	0.03811	0.03037	0.89793	0.89973	0.05000	0.49998
23.91313	20.95174	20.47868	35.60608	70.67361	97.63923	10.03538	10.14614	0.08227	0.07516	0.04068	0.02760	0.89866	0.89984	0.05000	0.49999
24.47263	21.37162	20.39368	34.80409	74.24185	94.38813	10.04164	18.84489	0.08322	0.07527	0.03833	0.02907	0.89794	0.89965	0.05000	0.49999
24.39641	23.69436	20.38373	34.85978	71.13445	92.93825	10.01296	26.07020	0.07930	0.07532	0.03826	0.03029	0.89798	0.89967	0.05000	0.49998
23.94513	21.76784	20.41096	34.41608	71.62158	96.06922	10.03081	11.26842	0.08076	0.07535	0.03770	0.02796	0.89944	0.89980	0.05000	0.49998
23.93470	21.78328	20.45703	34.92064	68.38701	91.94908	10.02889	10.16342	0.08183	0.07542	0.05000	0.02800	0.89870	0.89983	0.05000	0.49946
23.80224	22.02758	20.38424	34.50112	71.49404	93.40265	10.01666	23.57213	0.08037	0.07564	0.03811	0.03025	0.89795	0.89970	0.05000	0.49998
24.57834	21.16290	20.35713	35.59884	69.11739	100.46670	10.01875	10.04414	0.08215	0.07565	0.04184	0.02712	0.89927	0.89980	0.05000	0.49998
23.79972	21.37696	20.37402	34.38716	70.90889	93.20090	10.01635	26.49097	0.07967	0.07566	0.03931	0.03071	0.89806	0.89973	0.05000	0.49998
25.29935	21.59692	20.27287	35.53610	70.51695	96.78023	10.02994	15.33152	0.08360	0.07569	0.03763	0.02874	0.89848	0.89975	0.05000	0.49998
23.93601	21.37136	20.26829	35.39247	69.11267	94.88448	10.03245	11.75925	0.08086	0.07569	0.03781	0.02783	0.89924	0.89978	0.05000	0.49998
24.63801	22.15346	20.34902	35.31345	69.62449	91.92098	10.04209	10.02094	0.08368	0.07575	0.04014	0.02739	0.89805	0.89970	0.05000	0.49998
24.46602	22.28161	20.40059	33.99020	70.47149	92.54930	10.00851	26.72446	0.07895	0.07579	0.03937	0.03033	0.89883	0.89973	0.05000	0.49999
24.57071	21.41377	20.28665	35.75059	71.57869	94.71392	10.01660	10.00000	0.08277	0.07586	0.03881	0.02750	0.89817	0.89977	0.05000	0.49999
24.11604	21.02497	20.40027	36.48200	68.85435	93.28608	10.02053	10.04793	0.08066	0.07592	0.04779	0.02685	0.89820	0.89970	0.05000	0.49998
25.04597	21.38740	20.38899	35.94438	69.08124	91.10443	10.01605	10.08766	0.08299	0.07592	0.04799	0.02700	0.89816	0.89976	0.05000	0.49996
24.67455	22.30220	20.42959	34.69649	74.71188	94.71328	10.02825	21.28462	0.08260	0.07594	0.03880	0.02926	0.89790	0.89973	0.05000	0.49999
24.34321	22.58244	20.28873	35.55764	69.51895	91.34364	10.01844	23.33259	0.08123	0.07595	0.03792	0.03035	0.89832	0.89970	0.05000	0.49997
24.09295	20.79450	20.41842	35.60187	70.52024	91.61474	10.01797	10.00620	0.07577	0.07599	0.04098	0.02732	0.89847	0.89969	0.05000	0.49998
24.63997	21.73500	20.43450	35.10665	71.99997	94.70142	10.01687	21.54743	0.08204	0.07603	0.03959	0.02940	0.89782	0.89967	0.05000	0.49998
24.30380	22.64465	20.42649	36.79689	69.93648	93.87293	10.02126	30.39142	0.07936	0.07604	0.03761	0.03188	0.89814	0.89965	0.05000	0.49998
23.70616	22.31059	20.58415	35.94519	70.53783	92.46381	10.02121	32.77778	0.08494	0.07604	0.03737	0.03261	0.89787	0.89965	0.05000	0.49997
23.44966	21.00442	20.48001	36.13177	69.57332	93.12449	10.02088	10.04870	0.08012	0.07605	0.04031	0.02718	0.89906	0.89974	0.05000	0.49998
24.18840	21.02216	20.52510	36.35982	71.75131	93.88396	10.03229	10.09286	0.08163	0.07607	0.04920	0.02677	0.89790	0.89976	0.05000	0.49997
23.78531	21.02817	20.36493	36.36720	72.57752	95.85004	10.02880	10.04705	0.08850	0.07608	0.04412	0.02688	0.89830	0.89976	0.05000	0.49998
23.83933	20.79757	20.43551	35.82451	70.42079	99.74170	10.01706	10.04178	0.07522	0.07608	0.04249	0.02709	0.89926	0.89980	0.05000	0.49998
23.41026	21.00754	20.46792	35.14918	70.39117	92.11670	10.01398	10.04107	0.07604	0.07610	0.04283	0.02713	0.89926	0.89972	0.05000	0.49998
24.19928	20.69834	20.51914	35.60526	69.86365	94.36401	10.03740	10.11921	0.08508	0.07611	0.04371	0.02669	0.89894	0.89974	0.05000	0.49999
23.87255	20.71616	20.52545	36.74412	69.81256	94.73808	10.03437	10.15369	0.08178	0.07611	0.05000	0.02665	0.89799	0.89976	0.05000	0.49999
24.83002	22.13664	20.35131	35.04049	69.20089	94.56514	10.03740	10.03029	0.08267	0.07613	0.03684	0.02782	0.89796	0.89971	0.05000	0.49998
23.37566	21.24588	20.49103	35.09903	70.06947	92.70900	10.01547	10.00437	0.08209	0.07614	0.04020	0.02739	0.89824	0.89972	0.05000	0.49999
24.11182	22.52502	20.22584	36.73967	70.08191	92.38480	10.01725	27.36836	0.07839	0.07617	0.03951	0.03111	0.89818	0.89966	0.05000	0.49999
23.50290	22.10671	20.41016	34.85325	72.48109	93.64736	10.01129	25.67462	0.08231	0.07619	0.03945	0.02990	0.89855	0.89976	0.05000	0.49999
24.38710	21.49924	20.39075	36.34048	69.51435	92.67248	10.03587	10.03470	0.08197	0.07623	0.04823	0.02695	0.89827	0.89980	0.05000	0.49999
24.41222	21.54303	20.29994	35.62756	69.57562	92.73133	10.02285	10.02268	0.08443	0.07628	0.03844	0.02728	0.89864	0.89971	0.05000	0.49998
23.46854	20.80230	20.32192	36.09343	70.31683	97.90863	10.01777	10.02052	0.08202	0.07631	0.04563	0.02667	0.89888	0.89973	0.05000	0.49998
23.64480	21.70832	20.30097	35.60479	69.69069	92.76829	10.02745	10.02023	0.08140	0.07631	0.03793	0.02789	0.89860	0.89971	0.05000	0.49999
24.59686	22.11175	20.38905	36.73551	70.11897	93.65919	10.01615	16.38817	0.08094	0.07633	0.03810	0.02868	0.89849	0.89975	0.05000	0.49999
23.82607	20.87935	20.49274	35.78575	71.41484	94.30685	10.01111	10.20802	0.08229	0.07634	0.04175	0.02733	0.89805	0.89971	0.05000	0.49997
24.97824	21.66942	20.39640	35.17578	70.61938	94.50395	10.02915	22.96373	0.08966	0.07635	0.03680	0.03062	0.89846	0.89975	0.05000	0.49999
24.15518	21.02265	20.41838	36.10425	69.26158	92.39498	10.01602	10.02096	0.07808	0.07635	0.04604	0.02691	0.89824	0.89971	0.05000	0.49998
23.29102	21.47807	20.39111	35.10981	70.22455	92.56035	10.02673	19.18571	0.08209	0.07635	0.03780	0.02916	0.89794	0.89969	0.05000	0.49998
24.82271	23.10704	20.66907	35.98871	70.76710	93.61188	10.01596	28.67370	0.07966	0.07636	0.03796	0.03143	0.89780	0.89948	0.05000	0.49998
23.44500	22.28179	20.75505	36.86669	71.00898	90.52850	10.04935	10.15767	0.08326	0.07641	0.04843	0.02685	0.89763	0.89965	0.05000	0.49997
24.05662	21.15388	20.37439	35.60087	70.71569	92.87951	10.01911	10.15878	0.08291	0.07643	0.03973	0.02765	0.89846	0.89971	0.05000	0.49998
24.00978	21.69870	20.36192	34.52341	72.36667	93.22678	10.02504	10.00353	0.08230	0.07643	0.03957	0.02733	0.89848	0.89971	0.05000	0.49998
24.94476	22.36698	20.39900	35.19104	70.32552	91.94418	10.02274	28.42467	0.08109	0.07644	0.03792	0.03138	0.89832	0.89964	0.05000	0.49998
23.75044	21.55819	20.22334	34.51726	69.98208	109.43621	10.02562	10.08655	0.08277	0.07645	0.04003	0.02716	0.89797	0.89972	0.05000	0.49997
23.33989	21.61840	20.42374	34.50757	69.99030	92.31930	10.01210	10.08405	0.08271	0.07645	0.03856	0.02739	0.89792	0.89972	0.05000	0.49999
24.82574	23.36695	20.26947	36.05375	71.65935	93.28611	10.00973	35.19652	0.08463	0.07648	0.04012	0.03195	0.89838	0.89976	0.05000	0.49999
24.52897	21.53402	20.37004	35.34644	70.18884	95.55104	10.01940	15.61123	0.08397	0.07648	0.03783	0.02876	0.89870	0.89974	0.05000	0.49998
24.28698	21.38166	20.34564	35.57347	68.84071	96.36596	10.02093	10.03604	0.08196	0.07649	0.03963	0.02739	0.89844	0.89970	0.05000	0.49998
23.51563	22.29825	20.42664	35.91399	69.73773	96.20389	10.01889	12.50493	0.08468	0.07652	0.03741	0.02812	0.89785	0.89973	0.05000	0.49998
23.34923	21.18645	20.49846	34.53443	69.78046	92.31416	10.01120	10.00000	0.08271	0.07652	0.03876	0.02736	0.89783	0.89972	0.05000	0.49999
23.43793	21.19205	20.29157	36.23930	72.85578	97.73291	10.01920	10.02441	0.08864	0.07655	0.04427	0.02703	0.89854	0.89974	0.05000	0.49998
23.86501	21.24153	20.59533	36.50471	70.53553	96.26660	10.03433	10.20807	0.08030	0.07658	0.04689	0.02650	0.89792	0.89970	0.05000	0.49998
24.84322	20.65143	20.12979	36.59462	76.97808	99.95887	10.02629	10.01901	0.08370	0.07659	0.04522	0.02678	0.89924	0.89984	0.05000	0.49999
24.07131	21.01690	20.36550	36.41730	72.26976	93.17389	10.04370	10.04060	0.08126	0.07662	0.04849	0.02698	0.89821	0.89971	0.05000	0.49998
23.93044	22.41631	20.26345	34.86730	72.59206	93.87824	10.03870	18.91666	0.08169	0.07662	0.03847	0.02903	0.89855	0.89979	0.05000	0.49999
24.35009	21.85021	20.29768	35.13197	70.47671	93.86776	10.03223	19.94183	0.08141	0.07666	0.03802	0.02925	0.89805	0.89978	0.05000	0.49998
25.03266	20.86172	20.23955	35.57688	68.60865	96.70754	10.01601	10.00998	0.08149	0.07668	0.03943	0.02734	0.89853	0.89969	0.05000	0.49997
23.93957	22.26785	20.31478	36.70881	69.60809	93.62006	10.03667	10.00000	0.08229	0.07668	0.03998	0.02744	0.89824	0.89979	0.05000	0.50000
24.53946	21.09376	20.36399	35.25211	72.35794	95.10730	10.01912	10.28522	0.08493	0.07668	0.04020	0.02735	0.89826	0.89969	0.05000	0.49998
25.32193	21.09361	20.23493	35.41924	70.64233	94.87490	10.01663	13.09825	0.08134	0.07668	0.03772	0.02817	0.89794	0.89976	0.05000	0.49998
23.83745	21.46208	20.41215	35.01097	71.84479	93.71834	10.03441	11.56913	0.08125	0.07669	0.03781	0.02795	0.89839	0.89967	0.05000	0.49998
23.92250	22.07488	20.26197	35.12946	70.21082	93.88810	10.04000	19.97595	0.08141	0.07670	0.03842	0.02904	0.89845	0.89978	0.05000	0.49998
24.16857	21.40011	20.23253	34.01519	69.66259	95.13957	10.02926	12.15261	0.08313	0.07670	0.03830	0.02790	0.89910	0.89985	0.05000	0.49999
24.01903	21.36525	20.34394	34.87641	71.86289	94.44560	10.02488	10.02483	0.08241	0.07670	0.03913	0.02754	0.89861	0.89973	0.05000	0.49998
23.73171	20.84114	20.48268	35.51912	71.29153	94.39199	10.02106	10.05569	0.08275	0.07672	0.04347	0.02684	0.89842	0.89977	0.05000	0.49998
24.32932	21.13546	20.39601	34.09089	70.78036	94.33836	10.02482	15.11936	0.08708	0.07673	0.03977	0.02761	0.89847	0.89975	0.05000	0.49998
24.52416	21.39544	20.36351	35.27480	70.10986	91.05787	10.02175	19.00850	0.08360	0.07673	0.03824	0.02926	0.89854	0.89969	0.05000	0.49998
23.38087	22.11803	20.68946	36.49667	71.00370	89.38716	10.02854	10.19821	0.07189	0.07675	0.04898	0.02653	0.89654	0.89983	0.05000	0.49998
24.58610	21.41117	20.33964	35.74526	70.02348	94.03096	10.01523	10.00198	0.08258	0.07675	0.04342	0.02685	0.89775	0.89967	0.05000	0.49998
24.04980	21.01512	20.36076	35.57504	70.42887	95.69176	10.01688	10.05769	0.08273	0.07676	0.04085	0.02728	0.89826	0.89971	0.05000	0.49998
24.71859	21.23378	20.29972	35.44959	70.41645	94.27820	10.02177	27.88025	0.08273	0.07676	0.03799	0.03138	0.89823	0.89971	0.05000	0.49998
23.87463	22.17390	20.34195	33.48648	68.33682	93.70831	10.01874	21.67375	0.08203	0.07677	0.03952	0.02961	0.89855	0.89981	0.05000	0.50000
23.63718	21.75014	20.42537	35.25440	69.51264	94.93803	10.02557	13.81302	0.08297	0.07677	0.03856	0.02808	0.89838	0.89969	0.05000	0.49998
23.60495	20.82537	20.56614	34.48976	70.25573	94.63468	10.02224	10.17350	0.08479	0.07677	0.03715	0.02798	0.89767	0.89973	0.05000	0.49998
24.19125	21.91849	20.41505	35.46813	71.13182	98.79384	10.01842	10.04487	0.08152	0.07680	0.03985	0.02732	0.89892	0.89977	0.05000	0.49998
24.25787	21.78465	20.70992	35.93743	71.44708	91.45711	10.01912	10.02984	0.08327	0.07682	0.04987	0.02744	0.89828	0.89965	0.05000	0.49964
23.99821	21.19599	20.45660	34.51634	69.82875	94.65004	10.02243	11.38677	0.08343	0.07683	0.03724	0.02813	0.89825	0.89973	0.05000	0.49998
25.19340	22.31614	20.28384	35.07820	72.88082	95.06018	10.01719	23.60415	0.08172	0.07684	0.04023	0.02929	0.89826	0.89974	0.05000	0.49999
24.44991	20.81562	20.46397	36.12986	70.91315	96.02322	10.01613	10.15859	0.08070	0.07685	0.04540	0.02646	0.89807	0.89979	0.05000	0.49998
24.27935	21.28800	20.40060	35.11508	70.15798	94.80018	10.02514	15.59830	0.08434	0.07685	0.03789	0.02858	0.89755	0.89976	0.05000	0.49998
26.09920	21.88681	20.24494	36.41249	70.95624	104.73240	10.02391	10.02715	0.07686	0.07686	0.04945	0.02669	0.89935	0.89973	0.05000	0.47352
25.94408	20.00000	20.11052	37.09543	77.18590	97.26034	10.01589	10.02461	0.08818	0.07686	0.04587	0.02685	0.89925	0.89986	0.05000	0.49999
25.16942	21.05112	20.43959	37.51674	69.01863	88.53350	10.01365	10.08322	0.08298	0.07687	0.04817	0.02623	0.89833	0.89969	0.05000	0.49992
26.80049	20.33288	20.27450	36.85383	72.84893	94.01079	10.01513	30.21940	0.08095	0.07688	0.04007	0.03134	0.89812	0.89990	0.05000	0.49999
26.23981	21.88754	20.17366	36.48740	72.65067	97.86327	10.02376	10.02754	0.07092	0.07688	0.04928	0.02665	0.90000	0.89997	0.05000	0.47012
24.05136	21.61342	20.36536	35.50069	70.47993	95.58849	10.02485	10.32791	0.08163	0.07690	0.03827	0.02745	0.89836	0.89972	0.05000	0.49998
25.76434	21.07712	20.23315	36.41163	70.45096	105.34736	10.02360	10.04755	0.07937	0.07690	0.04924	0.02682	0.89903	0.89972	0.05000	0.48220
24.26732	21.66089	20.42066	35.93815	69.34498	96.26068	10.02498	10.00000	0.08224	0.07693	0.03780	0.02786	0.89846	0.89970	0.05000	0.49998
23.56059	21.36305	20.34146	36.27221	71.01002	93.18420	10.01690	31.12684	0.08007	0.07694	0.03949	0.03089	0.89808	0.89968	0.05000	0.49998
24.24684	22.51987	20.33932	35.35220	72.41273	94.60628	10.02956	10.00000	0.08251	0.07695	0.03819	0.02769	0.89843	0.89956	0.05000	0.49998
23.05972	21.54273	20.45592	36.08024	69.33592	92.72064	10.02139	10.02098	0.08309	0.07697	0.03878	0.02754	0.89848	0.89969	0.05000	0.49998
24.74967	20.78100	20.41519	36.14892	68.59129	95.35644	10.01654	10.03555	0.08619	0.07697	0.04637	0.02669	0.89839	0.89972	0.05000	0.49993
24.86409	20.50109	20.42188	35.83479	71.38135	95.97072	10.01217	10.00000	0.08072	0.07697	0.04518	0.02644	0.89869	0.89982	0.05000	0.49998
23.89820	21.31291	20.13845	36.14748	70.26426	102.05531	10.02903	10.05172	0.08206	0.07698	0.04870	0.02732	0.89821	0.89966	0.05000	0.49999
23.57942	21.01918	20.28461	35.77568	69.01021	94.07927	10.02029	10.02284	0.08234	0.07698	0.04323	0.02695	0.89839	0.89971	0.05000	0.49998
25.11899	21.54756	20.25655	35.49339	70.85557	95.07818	10.01809	14.49043	0.08260	0.07701	0.03764	0.02838	0.89810	0.89975	0.05000	0.49998
24.59610	22.14719	20.85181	36.22905	70.17680	94.65410	10.01005	10.03812	0.08678	0.07701	0.04818	0.02701	0.89826	0.89972	0.05000	0.49971
24.47146	21.80968	20.31796	34.93500	69.31965	94.32422	10.01291	10.02219	0.08277	0.07702	0.04416	0.02700	0.89837	0.89971	0.05000	0.49998
24.09107	20.94213	20.39810	35.40940	69.43839	96.02796	10.01761	11.52683	0.08271	0.07703	0.03766	0.02768	0.89828	0.89971	0.05000	0.49998
23.82832	21.06561	20.26948	35.98735	69.33587	92.53360	10.03606	12.05995	0.08135	0.07703	0.03793	0.02783	0.89819	0.89966	0.05000	0.49998
24.21963	21.99673	20.42069	35.13477	69.50525	96.50328	10.02503	13.54878	0.08210	0.07703	0.03767	0.02833	0.89829	0.89972	0.05000	0.49998
24.80521	21.51792	20.30807	34.67187	71.46970	96.19511	10.02966	10.02117	0.08293	0.07704	0.03827	0.02742	0.89862	0.89963	0.05000	0.49998
24.51631	21.43059	20.26086	35.32221	69.59570	90.65756	10.02724	21.82830	0.08048	0.07704	0.03806	0.02965	0.89861	0.89968	0.05000	0.49998
24.70670	20.80755	20.42027	36.15120	69.06923	97.04619	10.01479	10.05215	0.08585	0.07706	0.04592	0.02690	0.89851	0.89969	0.05000	0.49993
24.79628	20.59323	20.60207	35.08983	71.61135	93.01738	10.05075	10.00247	0.07919	0.07707	0.04236	0.02698	0.89894	0.89981	0.05000	0.49998
24.91627	20.41135	20.45537	35.08931	68.79030	95.08088	10.02118	10.18055	0.08316	0.07707	0.04093	0.02739	0.89877	0.89976	0.05000	0.49997
23.93769	22.17383	20.52384	36.15427	72.32528	93.31850	10.04743	10.00776	0.08089	0.07711	0.04020	0.02774	0.89905	0.89980	0.05000	0.50000
24.54890	24.18162	20.43461	36.33675	70.78931	91.32879	10.02503	32.00335	0.07964	0.07714	0.03846	0.03217	0.89862	0.89962	0.05000	0.49999
24.13162	21.42586	20.32566	34.81467	70.09504	93.14527	10.01567	10.07533	0.08193	0.07714	0.03887	0.02763	0.89851	0.89975	0.05000	0.49998
23.88312	22.35336	20.37031	36.29634	69.96170	93.18559	10.01608	34.76537	0.08064	0.07714	0.03851	0.03221	0.89845	0.89972	0.05000	0.49998
24.80988	20.52368	20.57354	36.06689	71.71101	95.52532	10.04933	10.14868	0.07947	0.07715	0.04098	0.02721	0.89873	0.89979	0.05000	0.49998
24.92987	20.34181	20.42684	36.06637	68.88996	97.58882	10.01975	10.32675	0.08344	0.07716	0.03955	0.02763	0.89856	0.89974	0.05000	0.49997
23.90332	21.46889	20.34042	35.11075	70.16349	94.04566	10.02005	18.43546	0.08259	0.07718	0.03919	0.02842	0.89803	0.89970	0.05000	0.49999
23.71876	20.83551	20.25982	34.58772	71.58051	94.38409	10.02134	10.94313	0.08383	0.07718	0.03756	0.02781	0.89819	0.89981	0.05000	0.49998
24.74113	21.07458	20.36255	34.54264	71.75103	93.77471	10.01885	13.97386	0.08235	0.07719	0.03815	0.02835	0.89911	0.89972	0.05000	0.49999
24.22179	22.06273	20.31819	35.01816	69.78225	93.68854	10.01359	11.79239	0.08267	0.07720	0.03859	0.02744	0.89857	0.89972	0.05000	0.49999
24.44420	22.05615	20.36317	35.36636	69.70166	92.99886	10.02711	23.68671	0.08417	0.07720	0.03857	0.02985	0.89792	0.89973	0.05000	0.49998
24.22303	21.99870	20.41835	35.47607	69.68848	94.96637	10.02765	11.21104	0.08103	0.07721	0.03767	0.02770	0.89839	0.89973	0.05000	0.49997
24.67583	21.53621	20.10747	35.38040	77.84255	96.39955	10.03966	10.17485	0.08590	0.07721	0.04230	0.02716	0.89865	0.89985	0.05000	0.49997
25.00553	21.75245	20.28774	34.71487	70.10779	93.38200	10.03155	19.02411	0.08253	0.07721	0.03703	0.02974	0.89895	0.89972	0.05000	0.49998
24.61983	21.44788	20.48787	36.27005	70.63161	94.46283	10.01516	10.04647	0.08247	0.07723	0.04781	0.02664	0.89838	0.89971	0.05000	0.49980
24.10910	22.01437	20.42171	35.23541	68.20055	93.95016	10.02467	21.03563	0.08236	0.07723	0.03810	0.02963	0.89833	0.89975	0.05000	0.49998
23.86393	21.49150	20.46294	34.93772	70.04658	93.77855	10.02039	13.06054	0.08257	0.07724	0.03820	0.02792	0.89787	0.89973	0.05000	0.49998
24.01659	21.64604	20.41527	34.80806	70.07021	94.51290	10.03072	10.00000	0.08285	0.07727	0.03762	0.02767	0.89856	0.89975	0.05000	0.49998
24.54878	21.51403	20.35131	34.77771	73.73043	95.62282	10.03465	14.89068	0.08326	0.07729	0.03633	0.02863	0.89788	0.89967	0.05000	0.49999
24.29470	22.43053	20.61879	35.28436	69.81417	98.02074	10.01445	18.48089	0.08305	0.07729	0.03960	0.02867	0.89829	0.89970	0.05000	0.49997
23.92133	21.46864	20.45301	35.41134	69.72109	94.08487	10.02413	20.11312	0.08058	0.07732	0.03798	0.02956	0.89824	0.89968	0.05000	0.49998
24.63622	21.23803	20.26933	35.48465	69.53489	92.73869	10.01482	10.03632	0.08297	0.07735	0.04216	0.02695	0.89868	0.89972	0.05000	0.49999
23.98101	22.83031	20.39935	34.97304	70.53838	93.29133	10.01940	28.62948	0.08109	0.07735	0.03749	0.03138	0.89808	0.89953	0.05000	0.49997
24.01342	20.67584	20.33900	36.86721	70.25287	94.42493	10.02215	10.01396	0.07432	0.07736	0.04451	0.02671	0.89875	0.89979	0.05000	0.49999
25.16633	21.26815	20.31407	36.32321	70.36411	95.25459	10.01832	31.57093	0.08337	0.07736	0.03841	0.03208	0.89843	0.89968	0.05000	0.49998
25.00670	22.29914	20.44287	34.03636	66.00391	93.53672	10.02957	12.52300	0.08292	0.07739	0.03590	0.02894	0.89872	0.89979	0.05000	0.49998
23.92753	21.40949	20.40963	35.06437	73.94828	94.52554	10.02769	16.62763	0.08785	0.07739	0.03733	0.02887	0.89833	0.89966	0.05000	0.49999
24.13394	21.92124	20.61095	35.79549	70.21787	93.52640	10.01404	21.23941	0.08296	0.07739	0.03832	0.02964	0.89828	0.89969	0.05000	0.49997
23.69056	22.07882	20.55012	34.60482	71.30090	94.62517	10.01330	10.21993	0.08448	0.07740	0.03746	0.02787	0.89793	0.89975	0.05000	0.49998
23.52323	21.39253	20.36986	35.27806	69.91763	93.84061	10.01639	12.07337	0.08439	0.07741	0.03911	0.02769	0.89857	0.89974	0.05000	0.49998
24.17116	21.92455	20.35953	34.56339	72.04627	95.37814	10.03609	10.04147	0.08336	0.07742	0.03770	0.02793	0.89866	0.89973	0.05000	0.49998
24.01733	22.41433	20.27730	35.18920	71.08835	93.96748	10.02464	24.66985	0.08193	0.07743	0.03827	0.03001	0.89855	0.89963	0.05000	0.49998
24.46689	21.89648	20.48666	34.35556	71.18536	93.82393	10.03411	17.42760	0.08251	0.07744	0.03831	0.02879	0.89928	0.89969	0.05000	0.49998
24.38672	22.39377	20.38632	35.66660	70.93194	91.15338	10.02287	33.16539	0.08308	0.07744	0.03819	0.03219	0.89793	0.89962	0.05000	0.49998
24.33329	22.43235	20.43254	37.28903	69.79854	91.78579	10.00946	38.14441	0.07936	0.07747	0.03726	0.03229	0.89814	0.89952	0.05000	0.49998
23.59659	21.89845	20.50705	34.90168	69.88945	94.01754	10.02137	10.01361	0.08351	0.07748	0.03732	0.02757	0.89827	0.89980	0.05000	0.49998
24.07076	21.42456	20.35574	35.62528	70.87303	95.10306	10.03813	10.12104	0.08177	0.07748	0.04057	0.02750	0.89885	0.89973	0.05000	0.49998
24.77068	21.75274	20.32716	35.72353	70.99845	92.25219	10.02423	24.91381	0.08037	0.07753	0.03816	0.03046	0.89827	0.89978	0.05000	0.49999
24.87443	21.31186	20.27488	36.31693	71.73439	94.67225	10.01514	24.95403	0.08236	0.07754	0.03988	0.03022	0.89841	0.89986	0.05000	0.49999
25.15950	21.13390	20.49305	36.72487	69.72593	98.72462	10.01394	10.03969	0.08026	0.07754	0.04837	0.02654	0.89862	0.89984	0.05000	0.50000
22.80070	21.49412	20.37275	35.70136	68.50876	101.65253	10.01330	10.18495	0.08727	0.07755	0.04081	0.02736	0.89810	0.89983	0.05000	0.49998
23.78507	20.88980	20.51285	35.07092	70.19100	94.25851	10.02398	10.93693	0.08289	0.07755	0.03807	0.02800	0.89841	0.89977	0.05000	0.49998
24.36819	22.39531	20.32162	35.66664	70.82168	95.96512	10.02214	30.86017	0.08301	0.07756	0.03795	0.03216	0.89849	0.89962	0.05000	0.49998
25.32047	21.40684	20.38583	35.16114	69.36681	94.74938	10.03218	10.93894	0.08228	0.07757	0.03921	0.02767	0.89882	0.89979	0.05000	0.49998
23.88268	22.43576	20.48016	37.14823	70.68489	92.42778	10.01597	36.26247	0.08516	0.07761	0.03767	0.03254	0.89791	0.89956	0.05000	0.49998
23.82838	21.03012	20.19600	36.19976	70.07354	109.89723	10.02458	10.11827	0.08304	0.07762	0.04846	0.02707	0.89905	0.89972	0.05000	0.49997
23.41783	21.09033	20.39639	36.19006	70.08176	92.78032	10.01105	10.11577	0.08298	0.07762	0.04698	0.02730	0.89900	0.89972	0.05000	0.49998
25.05638	21.22347	20.42751	34.10654	70.90747	93.92772	10.03825	15.30224	0.08681	0.07765	0.03790	0.02879	0.89885	0.89979	0.05000	0.49998
25.17825	21.03284	20.42253	34.43293	72.11820	94.54189	10.03990	13.79944	0.09446	0.07766	0.03707	0.02859	0.89930	0.89975	0.05000	0.49999
23.84598	21.47722	20.41450	35.30416	68.89762	94.82346	10.02867	12.32059	0.09295	0.07767	0.03714	0.02826	0.89832	0.89966	0.05000	0.50000
23.90230	21.79279	20.30128	34.88471	72.33573	97.54967	10.01215	10.74631	0.08283	0.07771	0.03861	0.02752	0.89844	0.89979	0.05000	0.49999
23.67102	21.53470	20.40120	35.20778	70.21812	93.67806	10.01538	10.14743	0.08443	0.07772	0.04104	0.02759	0.89806	0.89971	0.05000	0.49998
22.95930	21.59714	20.47581	35.57917	69.31496	92.18326	10.01585	10.07425	0.08571	0.07774	0.03957	0.02736	0.89825	0.89977	0.05000	0.49998
24.05552	22.21173	20.38992	35.21072	68.98689	94.82668	10.02445	16.89480	0.08179	0.07781	0.03787	0.02869	0.89855	0.89980	0.05000	0.49998
24.48832	22.76206	20.42925	35.90917	70.08315	95.38263	10.01912	31.80218	0.08368	0.07781	0.04075	0.03094	0.89849	0.89966	0.05000	0.49999
23.80437	22.08896	20.24380	34.70278	72.62568	94.37459	10.01240	10.98956	0.08352	0.07782	0.03787	0.02770	0.89845	0.89982	0.05000	0.49998
24.19307	21.23193	20.40552	35.36290	69.72695	93.34238	10.01807	10.03373	0.08438	0.07786	0.04051	0.02735	0.89823	0.89971	0.05000	0.49998
24.96001	22.80214	20.45131	35.28719	70.70294	92.52225	10.01468	35.95966	0.08517	0.07787	0.03759	0.03264	0.89799	0.89949	0.05000	0.49998
25.63833	22.17850	20.38831	34.07052	67.97425	94.57051	10.02433	11.89557	0.08262	0.07788	0.03728	0.02821	0.89879	0.89980	0.05000	0.49999
23.62656	21.59209	20.34891	34.61706	70.15280	92.11354	10.01202	10.66709	0.08346	0.07790	0.03870	0.02766	0.89835	0.89979	0.05000	0.49999
25.91999	22.27548	20.41891	34.01170	66.71243	94.27830	10.00941	14.05322	0.07941	0.07794	0.03748	0.02844	0.89931	0.89983	0.05000	0.49998
23.41698	20.98627	20.61614	36.38703	71.01307	90.33028	10.02637	10.03645	0.07832	0.07795	0.04549	0.02667	0.89904	0.89972	0.05000	0.49998
24.71405	20.99713	20.40379	35.43295	70.10995	94.81049	10.02614	10.05452	0.08321	0.07795	0.03940	0.02750	0.89851	0.89972	0.05000	0.49998
23.86457	21.57311	20.27486	36.41637	70.07300	102.67748	10.02235	10.06567	0.08300	0.07795	0.04875	0.02712	0.89862	0.89975	0.05000	0.49998
25.11562	21.30727	20.49798	36.01027	69.95427	99.84388	10.01678	10.10193	0.08503	0.07796	0.05000	0.02734	0.89811	0.89976	0.05000	0.48775
23.91510	22.49967	20.42824	33.63378	75.40435	94.12494	10.03140	20.02536	0.08422	0.07806	0.03876	0.02912	0.89792	0.89975	0.05000	0.49999
25.79812	21.73155	20.35099	34.19600	66.76379	94.71371	10.04061	14.46023	0.08403	0.07808	0.03793	0.02824	0.89900	0.89979	0.05000	0.49998
24.76457	21.94459	20.28292	34.40157	75.09405	93.37073	10.03777	13.94223	0.07986	0.07809	0.03734	0.02860	0.89816	0.89981	0.05000	0.49998
24.31569	20.72259	20.35038	35.81874	68.75655	92.89922	10.03190	10.00357	0.08307	0.07810	0.04376	0.02743	0.89807	0.89974	0.05000	0.49993
23.83103	21.73623	20.43291	34.82391	69.89693	92.65872	10.01606	10.02445	0.08307	0.07814	0.03784	0.02789	0.89827	0.89975	0.05000	0.49998
24.74760	21.58256	20.27736	34.88102	69.68201	93.19922	10.02190	12.82413	0.08319	0.07817	0.03779	0.02829	0.89914	0.89980	0.05000	0.49998
23.47629	22.09806	20.44614	35.44930	69.96127	94.08504	10.01174	10.14620	0.08289	0.07817	0.04128	0.02752	0.89818	0.89971	0.05000	0.49998
23.86476	22.24549	20.41614	35.30635	69.85085	93.49496	10.02463	13.04317	0.08215	0.07818	0.03814	0.02810	0.89843	0.89980	0.05000	0.49998
25.00729	21.20717	20.39481	36.20885	68.30519	94.87393	10.02219	10.03173	0.07961	0.07823	0.04656	0.02662	0.89772	0.89975	0.05000	0.49996
23.82207	21.00026	20.20857	36.65607	70.58533	94.70495	10.01360	10.12770	0.08383	0.07823	0.05000	0.02718	0.89844	0.89981	0.05000	0.49978
24.44422	21.61554	20.48390	35.13551	69.81861	93.18235	10.02456	14.04429	0.08388	0.07824	0.03885	0.02814	0.89836	0.89972	0.05000	0.49999
24.00188	22.01063	20.72897	36.97596	72.38054	94.11977	10.01173	10.03911	0.08249	0.07824	0.05000	0.02677	0.89812	0.89984	0.05000	0.50000
24.87519	23.18397	20.40141	35.19620	70.77609	93.46019	10.01431	28.42653	0.08109	0.07826	0.03749	0.03139	0.89806	0.89949	0.05000	0.49998
24.94958	23.12372	20.69411	35.16336	70.99397	93.36865	10.01431	28.60618	0.07997	0.07827	0.03747	0.03143	0.89774	0.89936	0.05000	0.49998
24.05783	22.26033	20.35823	34.88115	69.82755	96.06744	10.02445	12.01738	0.08184	0.07829	0.03781	0.02805	0.89872	0.89988	0.05000	0.49998
25.69590	21.12967	20.39826	35.37453	69.23362	94.50152	10.03359	21.64052	0.09207	0.07829	0.03682	0.03021	0.89847	0.89968	0.05000	0.49999
23.99400	21.76358	20.52850	35.34470	69.52960	93.36520	10.02414	10.00000	0.08215	0.07833	0.05000	0.02774	0.89804	0.89977	0.05000	0.49998
25.80385	21.07461	20.40804	35.38265	67.01676	94.66400	10.03497	14.79471	0.09483	0.07834	0.03715	0.02889	0.89906	0.89962	0.05000	0.50000
24.59206	22.14793	20.34975	34.62595	71.15652	93.26537	10.02772	18.51596	0.08249	0.07835	0.03794	0.02897	0.89909	0.89972	0.05000	0.49998
23.93403	21.01074	20.32638	35.97537	69.93568	93.26013	10.01662	10.02510	0.08281	0.07835	0.04820	0.02713	0.89881	0.89970	0.05000	0.49998
24.57375	22.75515	20.34253	34.39278	71.14094	93.41053	10.01343	19.66350	0.08247	0.07835	0.03772	0.02932	0.89904	0.89973	0.05000	0.49999
24.25947	21.22362	20.34584	34.34144	72.42008	93.48697	10.03644	19.50509	0.08147	0.07836	0.03901	0.02866	0.89918	0.89980	0.05000	0.49999
24.01632	20.79328	20.42503	34.79922	70.85840	94.85693	10.02873	10.33976	0.08425	0.07840	0.04363	0.02708	0.89893	0.89977	0.05000	0.49998
23.83255	21.61307	20.50060	35.12819	70.25487	94.82956	10.01709	10.03599	0.08321	0.07841	0.03778	0.02787	0.89826	0.89979	0.05000	0.49998
24.05452	21.29810	20.49197	36.32104	71.35537	99.00384	10.01394	10.02317	0.08249	0.07843	0.04785	0.02685	0.89812	0.89989	0.05000	0.50000
24.51752	21.54579	20.35335	34.06339	69.95902	95.68079	10.01471	15.83496	0.08308	0.07843	0.03745	0.02896	0.89874	0.89976	0.05000	0.49997
24.32902	21.28482	20.43972	36.27368	70.24813	97.80767	10.01487	10.03066	0.08058	0.07844	0.04776	0.02682	0.89779	0.89981	0.05000	0.49998
24.26280	21.64680	20.31112	34.68006	70.14046	105.19929	10.02596	16.78439	0.08981	0.07846	0.03701	0.02915	0.89935	0.89963	0.05000	0.49998
24.16816	22.63666	20.42007	35.37033	68.77397	93.61815	10.02733	21.96575	0.08128	0.07849	0.03866	0.02979	0.89795	0.89971	0.05000	0.49998
25.02642	21.21381	20.60109	36.18415	68.61820	91.01319	10.02335	10.03632	0.07857	0.07852	0.04853	0.02654	0.89753	0.89975	0.05000	0.49993
24.61527	22.22367	20.23472	35.45744	69.61192	90.77817	10.03161	10.00000	0.08146	0.07856	0.03792	0.02792	0.89883	0.89977	0.05000	0.49999
24.57848	22.09955	20.91343	36.07592	69.60292	91.43453	10.01042	10.03743	0.08582	0.07856	0.05000	0.02731	0.89790	0.89966	0.05000	0.49955
24.45015	21.42315	20.20992	35.71746	70.82377	95.81442	10.03095	10.13681	0.08157	0.07857	0.04136	0.02748	0.89878	0.89975	0.05000	0.49997
23.90787	22.47192	20.29806	34.49943	72.13009	94.23117	10.02248	20.59119	0.08297	0.07859	0.03769	0.02930	0.89903	0.89977	0.05000	0.49999
24.00923	21.60803	20.48005	35.28059	69.89802	90.51595	10.02213	10.06471	0.08629	0.07864	0.03963	0.02750	0.89850	0.89980	0.05000	0.49998
23.39345	21.15387	20.70022	35.56874	70.43886	93.20667	10.03149	10.00000	0.08314	0.07865	0.04704	0.02687	0.89816	0.89967	0.05000	0.49997
24.50577	21.86157	20.26407	34.44510	69.65067	95.90155	10.02372	15.33777	0.08369	0.07866	0.03732	0.02868	0.89886	0.89978	0.05000	0.49998
24.38548	22.17882	20.25891	34.32926	70.10979	94.18474	10.01869	10.04515	0.08353	0.07866	0.03806	0.02792	0.89883	0.89977	0.05000	0.49999
25.38492	21.62049	20.58556	36.38897	70.67988	94.86252	10.01009	10.08452	0.08330	0.07868	0.05000	0.02756	0.89644	0.89823	0.05000	0.49875
23.90656	21.74231	20.43730	35.06657	69.80926	92.68282	10.01693	12.94358	0.08318	0.07869	0.03779	0.02811	0.89842	0.89980	0.05000	0.49998
23.96872	22.66570	20.45112	35.43990	67.78436	93.95344	10.02757	21.53225	0.08057	0.07878	0.03869	0.02951	0.89795	0.89969	0.05000	0.49998
23.95099	21.50040	20.39600	35.60689	71.77689	95.66775	10.01722	10.04432	0.08147	0.07879	0.03832	0.02757	0.89878	0.89977	0.05000	0.49997
24.97297	20.93928	20.34048	34.14219	72.61792	93.60464	10.02895	22.62954	0.09214	0.07879	0.03581	0.03100	0.89947	0.89980	0.05000	0.49998
24.05640	21.04542	20.25160	36.20053	70.41179	100.96114	10.02640	10.11040	0.08053	0.07883	0.04667	0.02713	0.89903	0.89970	0.05000	0.49997
24.13205	21.92020	20.39999	34.55782	71.18690	95.79104	10.01641	10.34944	0.08347	0.07889	0.03787	0.02774	0.89802	0.89978	0.05000	0.49998
24.78617	22.72555	20.34691	35.95209	71.60073	90.61216	10.01624	31.45960	0.08039	0.07899	0.03788	0.03132	0.89818	0.89980	0.05000	0.49998
23.97607	21.50227	20.41026	34.83067	72.11416	95.05756	10.01769	11.37936	0.08379	0.07900	0.03857	0.02773	0.89876	0.89978	0.05000	0.49998
23.86971	21.18807	20.58297	36.03659	70.39847	95.44620	10.01987	10.04767	0.08357	0.07902	0.04134	0.02720	0.89822	0.89979	0.05000	0.49998
24.58315	21.58342	20.42355	35.21129	70.39859	94.61765	10.01345	10.05199	0.08563	0.07903	0.04434	0.02686	0.89839	0.89968	0.05000	0.49999
25.83672	20.90487	20.43105	33.60719	72.15555	94.76851	10.04057	14.81558	0.09434	0.07905	0.03684	0.02878	0.89930	0.89974	0.05000	0.50000
24.20031	21.94943	20.50459	35.03789	70.53281	93.76191	10.02352	10.59356	0.08245	0.07907	0.04014	0.02756	0.89838	0.89971	0.05000	0.49999
25.77813	22.18040	20.36088	34.23436	69.57204	96.08761	10.02455	14.48287	0.08869	0.07908	0.03753	0.02861	0.89917	0.89963	0.05000	0.49999
24.50756	22.73920	20.24659	34.41345	74.20628	95.63845	10.01968	22.07521	0.08348	0.07912	0.03742	0.02979	0.89893	0.89978	0.05000	0.49999
23.94057	21.13877	20.42501	33.63192	71.78534	94.76294	10.04122	10.81774	0.09474	0.07916	0.03764	0.02796	0.89895	0.89973	0.05000	0.49999
24.48080	23.16605	20.49345	35.71677	71.54394	93.45649	10.01814	21.62879	0.08492	0.07917	0.03778	0.02996	0.89798	0.89979	0.05000	0.49998
23.87964	21.63147	20.60063	36.61450	70.07190	95.46891	10.02121	10.02774	0.08369	0.07919	0.04231	0.02713	0.89817	0.89975	0.05000	0.49998
25.31157	21.88070	20.34861	35.29611	70.28250	97.61002	10.03224	13.19426	0.08381	0.07919	0.03631	0.02858	0.89881	0.89973	0.05000	0.49998
24.20444	21.90616	20.44841	35.00828	69.71089	92.57504	10.02640	18.97124	0.08279	0.07920	0.03799	0.02938	0.89842	0.89971	0.05000	0.49998
24.47178	22.74453	20.26388	34.46687	71.24147	95.90236	10.01002	20.18780	0.08412	0.07922	0.03744	0.02980	0.89924	0.89970	0.05000	0.49999
24.53723	21.34945	20.43823	35.01512	70.76524	93.81331	10.03363	16.91401	0.08287	0.07923	0.03791	0.02938	0.89839	0.89977	0.05000	0.49998
23.49238	21.31611	20.47398	34.95578	69.76446	93.02700	10.01444	14.55374	0.08246	0.07923	0.03870	0.02836	0.89813	0.89969	0.05000	0.49998
23.94860	21.41964	20.56780	35.37720	71.78392	94.72942	10.02052	10.02601	0.08352	0.07925	0.03972	0.02739	0.89832	0.89972	0.05000	0.49998
24.62129	21.60092	20.44126	36.03371	70.03177	95.76676	10.01555	10.04899	0.08558	0.07933	0.04652	0.02694	0.89771	0.89965	0.05000	0.49998
24.51699	22.67697	20.25373	34.75043	72.58488	95.49021	10.02418	21.22717	0.08145	0.07937	0.03886	0.02951	0.89774	0.89986	0.05000	0.49999
23.99960	22.47301	20.34720	33.86777	74.85297	95.22590	10.02835	20.03729	0.08423	0.07941	0.03872	0.02916	0.89882	0.89974	0.05000	0.49999
24.40507	21.88503	20.31076	35.17018	70.51218	96.21522	10.00595	17.04406	0.08418	0.07942	0.03780	0.02910	0.89860	0.89969	0.05000	0.49998
23.39741	21.00495	20.21071	35.26906	70.09154	94.05332	10.01638	10.00000	0.08449	0.07942	0.04364	0.02724	0.89899	0.89971	0.05000	0.49998
26.51306	20.74314	20.17758	35.87241	71.77848	98.23987	10.02379	10.00000	0.08502	0.07942	0.04503	0.02670	0.89913	0.89972	0.05000	0.49997
24.58068	21.91044	20.34322	35.48027	69.72483	110.93162	10.03517	10.01419	0.07938	0.07943	0.04629	0.02682	0.89929	0.89961	0.05000	0.49997
24.69615	20.66441	20.18332	36.60371	71.69207	100.24275	10.02483	10.00000	0.08225	0.07944	0.04503	0.02670	0.89918	0.89977	0.05000	0.49998
24.70240	21.41598	20.41547	34.07931	70.45998	94.30130	10.01787	15.38693	0.07900	0.07959	0.03771	0.02846	0.89867	0.89981	0.05000	0.49998
23.37054	22.25967	20.44210	35.06433	69.86292	92.72492	10.02516	13.33210	0.08183	0.07962	0.03776	0.02813	0.89854	0.89982	0.05000	0.49998
23.00139	21.55877	20.42976	36.11122	70.17416	105.20319	10.01871	10.02213	0.08648	0.07963	0.04350	0.02696	0.89848	0.89963	0.05000	0.49998
24.75338	21.38551	20.51602	36.10800	71.26985	101.67278	10.02749	10.06331	0.08256	0.07972	0.04825	0.02677	0.89791	0.89967	0.05000	0.49999
22.03889	21.00589	20.12430	35.71420	69.80816	92.52061	10.01563	10.00139	0.08539	0.07975	0.04486	0.02706	0.89768	0.89985	0.05000	0.49926
24.51436	20.80760	20.54444	36.39001	70.65017	100.58608	10.03248	10.09854	0.08021	0.07981	0.04567	0.02730	0.89885	0.89969	0.05000	0.49998
23.79902	21.52129	20.47194	35.65923	69.76769	92.80202	10.01354	12.09632	0.08246	0.07986	0.03816	0.02788	0.89821	0.89967	0.05000	0.49998
24.70337	20.82648	20.49333	35.83760	70.95175	100.78627	10.02817	10.06005	0.08029	0.07988	0.04622	0.02683	0.89840	0.89966	0.05000	0.49998
24.70337	20.82648	20.49333	35.83760	70.95175	100.78627	10.02817	10.06005	0.08029	0.07988	0.04622	0.02683	0.89840	0.89966	0.05000	0.49998
24.70337	20.82648	20.49333	35.83760	70.95175	100.78627	10.02817	10.06005	0.08029	0.07988	0.04622	0.02683	0.89840	0.89966	0.05000	0.49998
24.63826	20.66442	20.18007	36.41237	71.45149	100.38618	10.02597	10.00000	0.07975	0.07989	0.04514	0.02669	0.89917	0.89977	0.05000	0.49998
25.10167	21.38060	20.29801	36.48504	72.71508	93.74121	10.01914	10.07043	0.07292	0.07991	0.04935	0.02675	0.90000	0.90000	0.05000	0.47244
23.96840	21.91566	20.44445	34.54240	71.02513	95.19818	10.01658	11.49169	0.08387	0.08002	0.03766	0.02787	0.89883	0.89986	0.05000	0.49998
25.68074	21.44406	20.65901	36.95688	71.44167	99.88640	10.02744	10.06524	0.07673	0.08019	0.04768	0.02665	0.89704	0.89982	0.05000	0.49998
24.05237	21.54359	20.34573	34.80281	69.99927	95.39611	10.03122	10.07852	0.08194	0.08029	0.03818	0.02758	0.89869	0.89982	0.05000	0.49998
25.98333	21.77611	20.35295	35.54789	70.55881	94.44800	10.01326	28.68755	0.08023	0.08071	0.03832	0.03150	0.89857	0.89957	0.05000	0.49998
24.61309	22.70492	20.26447	35.50692	70.19753	96.83572	10.01770	21.01181	0.08119	0.08119	0.03775	0.02969	0.89792	0.89975	0.05000	0.49998
24.74537	22.29279	20.38353	35.30051	69.80767	93.59060	10.01890	27.80799	0.08114	0.08166	0.03817	0.03104	0.89839	0.89973	0.05000	0.49999
24.81455	22.71647	20.27542	35.25079	70.53969	93.69069	10.01965	27.95610	0.08103	0.08176	0.03816	0.03082	0.89839	0.89967	0.05000	0.49999
24.73123	22.71940	20.32835	34.51794	70.77394	94.55151	10.01976	22.51989	0.08197	0.08177	0.03815	0.03015	0.89855	0.89981	0.05000	0.49999
24.62910	21.93049	20.25176	34.45291	71.86199	94.65294	10.01411	14.02517	0.08359	0.08177	0.03827	0.02803	0.89859	0.89986	0.05000	0.49998
25.02553	20.76480	20.17833	36.51700	70.36036	97.41600	10.02530	10.08540	0.08541	0.08213	0.04523	0.02681	0.89843	0.89970	0.05000	0.49998
23.55739	21.53661	20.48460	35.53136	68.70505	92.49116	10.02446	11.17412	0.08321	0.08251	0.03798	0.02779	0.89867	0.89963	0.05000	0.49998
24.62609	21.81644	20.20197	34.39845	73.53210	94.52539	10.01272	12.13305	0.08375	0.08314	0.03817	0.02802	0.89859	0.89982	0.05000	0.49999
26.53521	20.74187	20.18098	36.34348	71.89449	98.78462	10.02232	10.00000	0.08575	0.08337	0.04470	0.02670	0.89918	0.89977	0.05000	0.49997
26.25526	20.66293	20.18726	37.06884	72.20501	100.15479	10.01645	10.00000	0.08617	0.08337	0.04466	0.02671	0.89926	0.89978	0.05000	0.49997
24.05812	22.41320	20.36655	35.61410	66.19721	92.74962	10.03071	10.89143	0.08355	0.08370	0.03728	0.02801	0.89917	0.89989	0.05000	0.49998
25.69613	20.00000	20.00000	34.67470	56.61130	93.73175	10.00000	38.60382	0.08879	0.08431	0.03349	0.03393	0.90000	0.90000	0.05000	0.50000
20.00000	20.00000	20.95871	35.04757	72.23894	108.88999	10.00000	10.00000	0.08934	0.08494	0.04987	0.02618	0.88229	0.90000	0.05000	0.44839