208.9
191.1
176.4
171.0
241.9
301.0
342.6
280.2
280.2
315.8
404.8
316.8
239.9
216.6
195.8
192.0
226.2
257.8
274.1
308.3
267.9
231.1
201.4
181.0
189.3
185.6
178.3
163.0
155.9
152.4
148.9
144.6
137.8
131.0
126.0
118.7
115.4
113.8
117.8
126.0
124.4
117.8
112.2
109.0
133.6
251.8
469.8
560.6
441.6
339.3
186.5
157.7
145.5
177.3
237.0
185.6
155.9
141.2
128.5
123.6
122.7
118.7
115.4
112.2
109.0
105.8
100.3
94.9
94.9
91.9
88.8
85.8
88.8
91.9
90.3
86.6
81.4
78.4
93.4
116.2
147.2
180.1
148.1
124.4
110.6
112.2
115.4
112.2
109.0
105.0
101.1
96.4
94.9
91.9
91.1
87.3
84.3
81.4
78.4
75.5
72.7
68.4
65.6
62.2
58.1
54.8
52.2
49.6
47.0
44.5
72.7
173.7
245.9
210.8
173.7
285.4
403.7
310.5
226.2
179.2
156.8
139.5
131.0
128.5
129.4
125.2
121.9
123.6
124.4
119.5
115.4
112.2
107.4
105.8
107.4
104.2
101.1
182.8
472.1
475.7
328.6
235.0
196.7
197.6
238.9
240.9
208.0
187.4
173.7
168.3
168.3
163.0
159.4
155.9
158.5
176.4
178.3
170.1
165.6
160.3
153.3
147.2
143.8
139.5
133.6
129.4
132.7
177.3
276.1
494.8
476.9
370.0
279.2
207.0
184.7
175.5
171.9
168.3
164.7
166.5
164.7
161.2
157.7
154.2
150.7
147.2
143.8
138.6
135.2
136.9
141.2
149.8
201.4
323.2
310.5
289.5
261.9
244.9
372.3
668.3
706.4
499.6
428.9
409.4
353.5
311.5
294.7
255.8
244.9
236.0
225.3
222.4
244.9
242.9
236.0
223.3
208.0
193.9
185.6
179.2
175.5
171.0
165.6
158.5
162.1
173.7
179.2
171.0
158.5
151.5
144.6
140.3
136.9
133.6
129.4
124.4
120.3
117.0
113.8
110.6
112.2
115.4
112.2
116.2
153.3
267.9
313.6
301.0
257.8
207.0
166.5
149.8
138.6
131.9
135.2
154.2
219.5
202.3
178.3
150.7
134.4
119.5
111.4
109.0
506.0
968.8
961.7
678.2
417.4
278.2
246.8
222.4
208.0
193.9
183.7
176.4
169.2
163.0
159.4
171.9
197.6
207.0
175.5
163.9
151.5
144.6
122.7
171.0
166.5
158.5
152.4
148.1
139.5
132.7
130.2
133.6
134.4
130.2
126.9
122.7
116.2
111.4
136.1
180.1
174.6
152.4
129.4
116.2
109.8
100.3
88.8
84.3
88.8
103.4
119.5
116.2
103.4
97.2
93.4
90.3
88.8
91.9
88.8
85.8
82.9
79.9
84.3
103.4
113.0
110.6
101.1
92.6
86.6
82.9
81.4
84.3
90.3
109.8
124.4
121.9
161.2
355.7
330.7
246.8
189.3
181.0
500.9
604.8
443.9
298.9
224.3
193.0
176.4
182.8
180.1
175.5
171.0
163.9
156.8
155.0
148.9
145.5
141.2
134.4
127.7
129.4
140.3
147.2
151.5
154.2
146.3
139.5
132.7
126.0
119.5
115.4
111.4
107.4
104.2
101.1
98.0
94.1
89.6
85.8
82.9
79.9
81.4
84.3
87.3
90.3
91.1
88.8
137.8
149.8
128.5
110.6
122.7
155.0
132.7
116.2
104.2
103.4
113.0
142.0
302.0
362.3
272.0
216.6
277.1
263.9
201.4
156.8
141.2
126.9
119.5
117.0
122.7
127.7
133.6
137.8
147.2
145.5
129.4
117.8
111.4
103.4
97.2
88.1
84.3
81.4
78.4
75.5
72.7
69.8
69.1
75.5
83.6
83.6
71.3
67.7
62.9
64.3
67.0
69.8
69.8
64.3
61.5
98.8
332.9
532.1
822.5
1104.2
1402.0
1367.8
1049.0
593.6
392.4
304.1
260.9
245.9
238.0
221.4
208.0
195.8
184.7
176.4
170.1
166.5
165.6
320.0
395.8
450.9
355.7
313.6
277.1
231.1
283.3
486.4
718.6
504.3
380.0
314.7
275.1
256.8
248.8
246.8
251.8
241.9
217.5
209.9
205.2
201.4
197.6
193.0
224.3
355.7
422.0
336.1
273.0
238.9
226.2
230.1
221.4
208.9
196.7
182.8
171.9
169.2
177.3
172.8
165.6
158.5
154.2
150.7
147.2
143.8
140.3
136.9
131.9
133.6
136.9
137.8
139.5
148.9
169.2
185.6
162.1
139.5
129.4
123.6
120.3
117.0
124.4
195.8
248.8
208.0
236.0
318.9
427.7
500.9
737.1
735.1
614.2
465.0
326.4
236.0
224.3
228.2
230.1
221.4
208.0
198.6
192.0
187.4
182.8
178.3
173.7
170.1
181.0
304.1
342.6
281.2
257.8
356.8
395.8
452.1
1041.6
1292.3
1334.0
1068.9
588.0
330.7
281.2
284.3
297.8
409.4
402.6
338.3
302.0
295.8
277.1
260.9
245.9
235.0
228.2
484.0
789.9
743.4
492.4
345.9
252.8
256.8
240.9
226.2
264.9
521.6
449.8
336.1
276.1
250.8
235.0
220.4
211.8
205.2
209.9
216.6
219.5
219.5
210.8
212.8
203.3
192.0
179.2
171.0
171.9
175.5
173.7
167.4
163.0
158.5
151.5
144.6
137.8
133.6
130.2
128.5
134.4
156.8
168.3
148.1
136.1
129.4
125.2
121.9
117.8
113.8
109.0
105.8
136.1
177.3
163.9
146.3
119.5
113.0
106.6
123.6
151.5
164.7
142.9
126.0
147.2
226.2
209.9
179.2
141.2
103.4
93.4
87.3
85.8
87.3
84.3
83.6
105.8
131.0
127.7
116.2
119.5
147.2
163.0
148.1
130.2
119.5
113.0
109.0
105.8
102.7
99.5
95.7
115.4
221.4
205.2
165.6
133.6
137.8
169.2
162.1
132.7
105.8
89.6
82.9
99.5
121.1
106.6
100.3
96.4
93.4
90.3
87.3
83.6
78.4
74.8
71.3
67.0
62.9
61.5
64.9
71.3
71.3
74.1
72.7
69.8
67.0
62.9
60.1
57.5
54.8
52.2
49.6
47.0
45.8
44.5
44.5
45.8
48.3
50.9
52.2
49.6
47.0
44.5
42.0
47.0
52.2
47.7
44.5
42.0
39.6
37.2
34.8
32.5
30.2
28.0
26.9
28.0
31.4
34.2
37.2
34.8
31.4
29.1
27.4
29.1
33.7
47.7
74.8
72.0
65.6
62.2
56.8
50.2
43.9
39.0
34.8
32.5
30.2
28.0
26.9
29.1
28.0
25.8
23.7
22.6
23.7
22.6
21.6
19.6
20.6
22.6
21.6
20.6
22.6
23.7
24.7
26.9
29.7
32.5
30.2
31.4
32.5
30.2
29.1
41.4
53.5
50.9
43.3
37.2
30.8
28.0
25.8
23.7
22.6
24.7
25.8
25.3
25.3
29.1
30.2
28.0
25.8
23.7
21.6
19.6
21.1
23.7
25.8
24.7
22.6
23.7
24.7
22.6
21.6
22.6
20.6
18.6
16.6
14.7
13.8
17.1
21.1
25.3
28.5
12.9
11.2
10.3
12.0
14.3
18.1
22.6
24.7
23.7
21.6
22.6
21.6
19.6
17.6
15.7
13.8
14.7
15.7
18.6
21.1
23.7
25.8
24.2
22.6
20.6
18.6
16.6
14.7
15.7
14.7
13.8
14.7
13.8
15.7
17.6
18.6
16.6
14.7
12.9
12.0
12.9
12.9
11.2
12.0
11.2
12.0
12.9
13.8
15.7
14.7
13.8
16.6
15.7
14.7
16.6
18.6
18.6
20.6
19.6
17.6
15.7
15.2
19.1
21.1
18.6
17.6
19.6
21.6
23.7
25.8
29.7
42.6
41.4
37.2
34.8
32.5
30.2
28.0
25.8
23.7
21.6
19.6
17.6
15.7
13.8
14.7
14.7
37.8
131.9
169.2
133.6
109.0
75.5
55.5
53.5
52.2
49.6
47.0
44.5
42.0
39.6
37.2
34.8
32.5
30.2
28.0
54.1
111.4
94.9
75.5
110.6
266.9
227.2
185.6
123.6
97.2
82.9
76.3
70.5
66.3
59.5
54.1
48.9
43.9
40.8
45.1
62.9
67.0
59.5
54.1
48.9
45.1
45.8
44.5
42.0
39.6
37.2
41.4
60.1
77.7
86.6
85.8
69.8
59.5
54.1
48.9
45.8
43.3
40.8
37.8
36.0
34.8
39.0
60.1
115.4
113.8
104.2
95.7
81.4
66.3
52.8
45.1
151.5
450.9
381.2
245.9
167.4
126.0
94.1
85.8
79.2
73.4
67.7
62.9
71.3
250.8
805.0
860.2
591.7
374.5
238.0
203.3
189.3
277.1
401.4
331.8
260.9
196.7
166.5
163.0
186.5
167.4
155.0
145.5
133.6
214.7
548.0
480.4
366.7
294.7
348.0
506.0
530.3
528.6
555.2
440.4
376.7
321.1
273.0
251.8
242.9
235.0
226.2
216.6
204.2
193.0
185.6
177.3
167.4
160.3
153.3
146.3
142.0
143.8
152.4
144.6
137.8
140.3
164.7
169.2
155.0
142.0
132.7
126.0
119.5
117.8
123.6
121.9
137.8
139.5
156.8
163.0
154.2
146.3
139.5
142.9
199.5
343.7
455.6
364.5
265.9
205.2
181.9
187.4
200.4
265.9
433.5
393.5
302.0
215.6
193.9
238.9
392.4
411.7
328.6
256.8
261.9
246.8
206.1
186.5
179.2
310.5
460.3
535.6
664.4
484.0
413.9
344.8
279.2
225.3
199.5
181.9
169.2
163.0
159.4
155.9
152.4
148.9
145.5
142.0
138.6
135.2
129.4
125.2
121.9
123.6
126.9
123.6
120.3
117.0
118.7
121.9
119.5
119.5
123.6
118.7
117.0
120.3
123.6
118.7
115.4
112.2
109.0
105.8
110.6
123.6
117.8
115.4
115.4
108.2
102.7
98.0
94.9
91.1
85.1
79.9
77.0
75.5
79.9
77.0
76.3
79.9
83.6
117.0
160.3
182.8
194.8
355.7
278.2
198.6
148.1
110.6
91.9
93.4
209.9
291.6
231.1
172.8
128.5
110.6
103.4
97.2
93.4
96.4
94.9
91.9
91.1
124.4
117.8
149.8
317.9
282.3
220.4
170.1
136.9
115.4
103.4
109.0
274.1
259.9
219.5
183.7
148.1
135.2
126.0
119.5
113.0
109.0
105.8
104.2
105.8
102.7
99.5
96.4
98.8
125.2
122.7
109.0
105.8
107.4
110.6
112.2
109.0
105.8
102.7
98.8
94.1
88.1
84.3
85.8
89.6
107.4
134.4
121.9
130.2
161.2
223.3
211.8
174.6
160.3
134.4
117.8
106.6
100.3
96.4
93.4
90.3
99.5
102.7
103.4
101.1
104.2
105.0
101.1
98.0
94.9
96.4
94.9
91.9
88.8
85.8
82.9
79.9
81.4
79.9
85.1
110.6
142.9
168.3
163.9
148.1
142.9
132.7
125.2
118.7
117.0
118.7
115.4
111.4
106.6
101.9
98.0
94.9
94.1
152.4
229.1
182.8
148.9
126.9
168.3
246.8
296.8
219.5
182.8
152.4
136.1
129.4
125.2
125.2
117.8
112.2
109.0
105.8
102.7
99.5
96.4
91.9
88.8
85.8
82.9
79.9
91.9
122.7
144.6
161.2
147.2
126.0
131.0
148.9
175.5
194.8
158.5
137.8
129.4
122.7
116.2
109.8
105.8
102.7
99.5
118.7
193.0
310.5
519.9
507.8
417.4
339.3
262.9
197.6
171.0
154.2
155.9
162.1
152.4
141.2
135.2
133.6
134.4
130.2
126.9
123.6
120.3
117.0
113.8
123.6
155.0
142.0
124.4
133.6
258.8
408.2
402.6
337.2
246.8
175.5
150.7
140.3
142.0
144.6
143.8
135.2
125.2
118.7
120.3
117.0
113.8
109.0
104.2
101.1
96.4
93.4
98.8
111.4
106.6
99.5
91.9
88.8
85.8
82.9
92.6
150.7
174.6
197.6
275.1
390.1
277.1
181.0
121.1
113.0
109.0
105.8
104.2
107.4
110.6
112.2
108.2
101.9
95.7
89.6
83.6
79.9
85.1
108.2
107.4
101.1
112.2
131.9
134.4
115.4
118.7
142.9
151.5
148.9
140.3
132.7
126.0
121.9
125.2
128.5
126.9
126.0
133.6
129.4
123.6
166.5
359.0
261.9
181.9
136.9
133.6
129.4
122.7
118.7
117.0
115.4
112.2
109.0
105.8
102.7
102.7
99.5
96.4
93.4
90.3
87.3
84.3
81.4
78.4
75.5
74.1
77.7
83.6
105.0
224.3
452.1
426.6
305.2
203.3
167.4
160.3
163.0
208.0
257.8
250.8
223.3
200.4
181.9
170.1
160.3
153.3
146.3
139.5
132.7
128.5
124.4
117.8
116.2
110.6
107.4
105.8
107.4
104.2
101.1
98.0
96.4
99.5
98.0
93.4
90.3
87.3
84.3
81.4
78.4
75.5
74.1
77.7
82.9
85.8
82.9
79.9
77.0
75.5
82.1
77.0
74.1
73.4
75.5
74.8
83.6
83.6
77.7
72.7
69.8
69.1
71.3
67.0
64.3
65.6
67.0
64.3
61.5
58.8
56.1
53.5
50.9
52.8
58.1
62.9
79.9
214.7
296.8
260.9
188.3
154.2
136.1
120.3
108.2
92.6
82.9
76.3
77.0
73.4
67.7
62.9
61.5
62.9
60.1
57.5
54.8
53.5
50.9
83.6
273.0
499.6
566.0
384.5
220.4
141.2
134.4
127.7
121.1
115.4
112.2
108.2
104.2
101.1
98.0
94.9
91.9
88.8
89.6
101.9
113.0
110.6
107.4
125.2
147.2
130.2
116.2
108.2
100.3
96.4
93.4
90.3
88.8
90.3
96.4
111.4
115.4
101.9
91.1
128.5
789.9
919.4
805.0
449.8
299.9
341.5
324.3
251.8
230.1
299.9
523.3
678.2
555.2
463.9
330.7
435.8
412.8
348.0
304.1
270.0
242.9
231.1
258.8
430.0
526.8
424.3
338.3
296.8
269.0
247.8
232.1
223.3
285.4
610.4
747.6
912.5
959.3
818.1
885.0
855.7
728.9
566.0
475.7
450.9
456.8
435.8
475.7
445.1
370.0
341.5
330.7
315.8
291.6
277.1
269.0
260.9
252.8
255.8
282.3
262.9
247.8
237.0
293.7
584.3
792.1
772.8
499.6
320.0
291.6
267.9
254.8
252.8
262.9
270.0
264.9
254.8
236.0
225.3
217.5
208.9
198.6
191.1
186.5
193.0
197.6
193.0
213.7
232.1
218.5
208.9
197.6
185.6
171.9
161.2
153.3
146.3
139.5
136.9
136.9
130.2
126.9
136.1
156.8
171.0
184.7
213.7
225.3
195.8
416.2
461.5
328.6
242.9
297.8
530.3
423.1
323.2
277.1
296.8
249.8
215.6
203.3
192.0
181.0
171.0
165.6
161.2
157.7
156.8
165.6
187.4
328.6
564.2
871.4
737.1
560.6
366.7
276.1
267.9
309.4
285.4
270.0
258.8
250.8
253.8
295.8
418.5
383.4
340.4
305.2
266.9
428.9
720.6
641.0
511.2
443.9
375.6
314.7
259.9
212.8
193.0
180.1
190.2
265.9
256.8
264.9
251.8
229.1
208.0
227.2
364.5
361.2
313.6
278.2
241.9
207.0
187.4
174.6
168.3
164.7
161.2
156.8
150.7
148.9
152.4
155.9
149.8
147.2
156.8
184.7
163.0
154.2
146.3
139.5
133.6
129.4
126.9
130.2
126.9
123.6
120.3
117.0
113.0
106.6
102.7
104.2
105.8
102.7
99.5
97.2
100.3
97.2
93.4
90.3
91.9
147.2
171.0
140.3
120.3
104.2
92.6
147.2
371.1
317.9
267.9
240.9
475.7
558.8
392.4
283.3
233.0
209.9
221.4
246.8
288.5
418.5
313.6
248.8
222.4
206.1
198.6
200.4
205.2
228.2
354.6
450.9
384.5
333.9
255.8
282.3
384.5
290.5
230.1
226.2
251.8
236.0
203.3
184.7
171.9
179.2
278.2
249.8
214.7
194.8
181.9
164.7
175.5
178.3
155.9
146.3
139.5
133.6
130.2
126.9
123.6
120.3
117.0
115.4
304.1
411.7
341.5
314.7
323.2
229.1
180.1
159.4
152.4
148.9
159.4
171.9
152.4
139.5
132.7
126.0
119.5
114.6
110.6
107.4
104.2
101.1
98.0
94.9
91.9
88.8
83.6
77.7
72.7
69.8
67.0
64.3
67.7
76.3
82.1
91.9
98.0
94.9
91.9
88.8
98.0
147.2
208.9
269.0
193.0
131.0
104.2
97.2
91.1
87.3
84.3
81.4
78.4
75.5
77.7
81.4
155.9
488.8
492.4
415.1
329.6
241.9
162.1
128.5
121.1
117.0
113.8
115.4
113.8
113.0
150.7
219.5
187.4
157.7
137.8
129.4
131.0
136.9
138.6
131.9
122.7
117.0
113.8
110.6
112.2
113.8
110.6
107.4
104.2
101.1
108.2
148.9
163.9
281.2
530.3
487.6
324.3
223.3
188.3
167.4
156.8
149.8
145.5
142.0
138.6
135.2
131.9
128.5
150.7
218.5
252.8
247.8
272.0
296.8
256.8
337.2
504.3
391.3
290.5
217.5
206.1
236.0
317.9
403.7
333.9
272.0
247.8
528.6
775.0
646.8
417.4
378.9
344.8
333.9
332.9
432.3
716.6
809.4
595.5
393.5
392.4
504.3
577.0
549.8
499.6
435.8
389.0
447.4
826.9
811.5
733.0
637.1
492.4
394.6
320.0
297.8
287.4
280.2
276.1
271.0
262.9
254.8
246.8
238.9
230.1
221.4
213.7
208.9
205.2
201.4
196.7
189.3
181.9
174.6
170.1
166.5
166.5
202.3
194.8
171.0
159.4
149.8
143.8
140.3
141.2
190.2
224.3
191.1
163.0
140.3
128.5
123.6
127.7
130.2
122.7
116.2
112.2
109.0
105.8
105.8
122.7
136.1
128.5
117.8
111.4
107.4
109.0
112.2
126.9
291.6
479.2
482.8
355.7
230.1
163.0
144.6
137.8
133.6
139.5
145.5
140.3
131.9
136.1
142.9
141.2
133.6
123.6
127.7
237.0
753.8
739.2
612.3
466.2
301.0
216.6
218.5
228.2
221.4
203.3
185.6
184.7
191.1
183.7
170.1
159.4
160.3
159.4
149.8
144.6
137.8
131.9
128.5
125.2
130.2
193.9
174.6
163.0
153.3
146.3
139.5
221.4
612.3
562.4
555.2
809.4
753.8
593.6
375.6
239.9
222.4
251.8
237.0
210.8
196.7
189.3
181.9
177.3
178.3
208.0
226.2
216.6
198.6
263.9
569.7
733.0
787.8
588.0
434.6
311.5
282.3
408.2
469.8
382.3
295.8
342.6
1160.9
1129.8
898.7
692.2
553.4
533.9
539.2
840.1
1021.9
1281.3
1379.1
1235.1
973.6
749.6
530.3
478.1
439.3
402.6
364.5
342.6
328.6
323.2
336.1
323.2
304.1
286.4
269.0
254.8
238.0
228.2
215.6
202.3
194.8
190.2
186.5
182.8
178.3
171.0
163.9
156.8
149.8
142.9
140.3
160.3
181.9
171.0
146.3
169.2
227.2
220.4
196.7
230.1
237.0
199.5
213.7
223.3
188.3
153.3
140.3
137.8
141.2
139.5
169.2
242.9
285.4
281.2
236.0
188.3
157.7
137.8
128.5
125.2
121.1
116.2
119.5
139.5
136.1
133.6
131.0
177.3
185.6
163.9
145.5
132.7
127.7
129.4
165.6
186.5
175.5
151.5
134.4
117.8
105.8
98.8
94.9
91.9
88.8
103.4
137.8
148.1
140.3
312.6
604.8
512.9
340.4
280.2
237.0
199.5
166.5
138.6
142.0
139.5
135.2
131.0
124.4
118.7
117.8
209.9
232.1
197.6
185.6
226.2
262.9
225.3
192.0
166.5
154.2
146.3
148.1
177.3
190.2
171.9
525.1
1084.0
1002.4
696.3
456.8
365.6
296.8
263.9
241.9
227.2
213.7
204.2
197.6
200.4
208.9
203.3
193.0
185.6
178.3
171.0
168.3
206.1
238.9
204.2
180.1
163.9
169.2
173.7
170.1
166.5
163.0
158.5
151.5
144.6
142.9
153.3
148.1
143.8
136.1
131.9
128.5
125.2
121.9
118.7
115.4
112.2
109.0
109.0
105.8
102.7
99.5
96.4
94.9
98.0
101.1
104.2
105.0
101.1
98.0
94.9
93.4
94.9
91.9
88.8
87.3
88.8
85.8
82.9
79.9
77.0
74.1
71.3
77.0
91.1
98.0
101.9
109.8
116.2
113.0
105.0
102.7
115.4
159.4
180.1
177.3
157.7
142.9
130.2
120.3
109.8
99.5
91.1
91.9
102.7
106.6
98.0
91.1
87.3
84.3
82.9
97.2
113.0
115.4
102.7
105.8
114.6
111.4
106.6
102.7
99.5
96.4
93.4
95.7
94.9
94.9
104.2
99.5
109.0
124.4
131.0
121.9
121.1
113.0
106.6
100.3
99.5
199.5
374.5
312.6
261.9
219.5
183.7
148.9
131.0
136.1
197.6
185.6
165.6
144.6
124.4
112.2
107.4
112.2
108.2
102.7
99.5
96.4
94.9
96.4
93.4
90.3
87.3
87.3
84.3
81.4
78.4
75.5
72.7
69.8
71.3
69.8
67.0
64.3
62.9
72.7
86.6
80.6
77.0
74.1
71.3
70.5
88.8
105.0
98.8
94.1
113.0
254.8
853.4
1147.9
1145.3
983.1
664.4
402.6
342.6
408.2
351.3
294.7
266.9
249.8
238.0
226.2
362.3
635.2
485.2
374.5
292.6
234.0
208.0
219.5
252.8
242.9
216.6
195.8
181.9
174.6
171.0
182.8
190.2
177.3
169.2
162.1
155.0
148.1
141.2
136.9
133.6
131.9
143.8
144.6
137.8
133.6
130.2
126.9
129.4
132.7
126.9
123.6
120.3
117.0
113.8
110.6
107.4
104.2
101.1
99.5
100.3
96.4
93.4
92.6
102.7
117.8
108.2
101.9
98.8
100.3
94.1
88.8
85.8
84.3
108.2
310.5
664.4
901.0
621.8
447.4
402.6
434.6
307.3
181.0
146.3
155.0
375.6
355.7
246.8
187.4
154.2
171.9
558.8
644.9
432.3
295.8
201.4
157.7
142.9
132.7
128.5
125.2
123.6
124.4
120.3
117.0
116.2
124.4
126.0
119.5
113.8
119.5
127.7
113.8
106.6
102.7
99.5
96.4
118.7
185.6
168.3
131.0
116.2
134.4
148.1
132.7
110.6
104.2
109.8
121.9
110.6
103.4
97.2
91.1
85.8
92.6
104.2
101.9
99.5
126.9
151.5
129.4
114.6
106.6
185.6
377.8
270.0
327.5
286.4
308.3
196.7
213.7
188.3
159.4
134.4
126.0
119.5
113.8
107.4
104.2
101.1
98.0
94.9
91.9
93.4
91.9
88.8
85.8
82.9
79.9
109.0
156.8
155.0
186.5
407.1
567.9
467.4
355.7
283.3
227.2
200.4
214.7
195.8
181.9
174.6
167.4
163.0
159.4
155.9
152.4
291.6
1166.1
1579.6
1607.1
1179.3
686.2
396.9
241.9
190.2
182.8
184.7
188.3
192.0
200.4
206.1
225.3
229.1
207.0
286.4
629.4
610.4
546.3
479.2
422.0
432.3
456.8
465.0
422.0
374.5
682.2
901.0
878.2
945.1
1227.1
1477.6
1567.4
2056.4
2256.1
1619.5
1176.6
949.8
753.8
608.6
586.2
1259.5
1946.4
2326.0
2073.8
1163.5
714.5
487.6
452.1
432.3
417.4
403.7
390.1
375.6
354.6
336.1
324.3
309.4
296.8
286.4
274.1
261.9
252.8
244.9
237.0
229.1
221.4
213.7
206.1
198.6
192.0
188.3
184.7
181.0
177.3
173.7
170.1
166.5
163.0
159.4
161.2
164.7
168.3
166.5
163.0
159.4
155.9
152.4
148.9
145.5
142.0
137.8
132.7
126.0
119.5
114.6
111.4
117.0
130.2
135.2
131.9
128.5
124.4
117.8
111.4
105.0
99.5
148.9
360.1
345.9
274.1
193.9
139.5
122.7
116.2
113.8
117.0
115.4
111.4
105.8
102.7
104.2
110.6
118.7
115.4
112.2
108.2
104.2
101.1
98.0
93.4
90.3
87.3
82.9
79.9
76.3
72.7
72.7
69.8
67.0
71.3
108.2
161.2
193.0
149.8
114.6
95.7
86.6
80.6
75.5
70.5
67.0
65.6
74.1
68.4
83.6
122.7
161.2
183.7
151.5
126.9
109.0
100.3
94.9
99.5
103.4
155.9
426.6
931.1
820.3
593.6
438.1
331.8
267.9
236.0
271.0
290.5
304.1
308.3
267.9
256.8
318.9
315.8
262.9
220.4
188.3
160.3
147.2
137.8
153.3
243.9
324.3
303.1
255.8
223.3
193.9
179.2
181.0
210.8
219.5
184.7
168.3
163.0
181.9
237.0
353.5
298.9
262.9
231.1
204.2
183.7
177.3
289.5
306.2
270.0
232.1
202.3
182.8
166.5
171.0
184.7
165.6
155.0
150.7
147.2
143.8
140.3
136.9
133.6
130.2
126.9
122.7
120.3
117.0
117.0
113.8
112.2
152.4
168.3
135.2
134.4
144.6
126.9
119.5
115.4
117.0
113.0
106.6
102.7
106.6
113.0
118.7
114.6
108.2
104.2
101.1
98.0
94.1
88.1
82.1
78.4
75.5
77.0
79.9
78.4
77.0
83.6
99.5
121.1
176.4
270.0
472.1
610.4
530.3
327.5
208.9
314.7
502.6
418.5
308.3
222.4
167.4
142.0
128.5
121.1
114.6
110.6
107.4
127.7
157.7
155.0
141.2
130.2
120.3
113.0
107.4
106.6
108.2
104.2
115.4
108.2
101.1
96.4
93.4
90.3
87.3
95.7
101.1
91.9
83.6
83.6
84.3
81.4
84.3
81.4
74.8
71.3
68.4
65.6
62.9
60.1
74.1
140.3
129.4
105.8
90.3
83.6
79.9
78.4
79.9
77.0
238.9
401.4
314.7
204.2
141.2
114.6
104.2
122.7
124.4
109.8
113.8
103.4
95.7
89.6
83.6
77.7
75.5
78.4
79.9
77.0
76.3
126.0
131.0
115.4
96.4
91.9
95.7
101.9
109.0
110.6
89.6
75.5
78.4
77.0
75.5
77.0
74.1
72.7
74.1
71.3
71.3
68.4
65.6
67.0
68.4
65.6
62.9
64.3
65.6
62.9
61.5
73.4
148.9
144.6
159.4
339.3
377.8
279.2
206.1
166.5
135.2
111.4
104.2
101.1
98.0
94.9
91.9
88.8
88.1
95.7
101.1
98.0
94.9
93.4
96.4
94.1
90.3
86.6
84.3
109.0
190.2
241.9
187.4
152.4
133.6
116.2
98.8
91.9
88.8
85.8
82.9
93.4
119.5
130.2
126.0
120.3
117.0
144.6
226.2
198.6
155.9
139.5
138.6
146.3
146.3
131.0
120.3
117.0
111.4
105.8
102.7
99.5
96.4
93.4
91.9
94.9
93.4
90.3
94.1
119.5
111.4
104.2
111.4
136.9
162.1
152.4
137.8
124.4
113.8
106.6
100.3
94.9
91.9
93.4
96.4
97.2
93.4
90.3
90.3
87.3
84.3
81.4
78.4
77.0
79.9
81.4
78.4
75.5
81.4
101.1
116.2
142.0
145.5
124.4
109.0
98.8
91.1
87.3
84.3
88.8
309.4
351.3
393.5
418.5
337.2
265.9
216.6
179.2
148.1
125.2
118.7
115.4
112.2
110.6
112.2
109.0
114.6
139.5
151.5
129.4
116.2
109.8
104.2
122.7
195.8
195.8
193.9
174.6
148.9
135.2
169.2
224.3
189.3
173.7
182.8
156.8
136.9
131.9
146.3
140.3
139.5
148.9
195.8
260.9
290.5
247.8
188.3
197.6
225.3
194.8
180.1
164.7
148.9
136.1
123.6
116.2
135.2
166.5
177.3
153.3
244.9
569.7
537.4
512.9
525.1
439.3
336.1
250.8
212.8
191.1
186.5
182.8
181.0
179.2
221.4
316.8
267.9
202.3
349.1
516.4
432.3
318.9
250.8
206.1
381.2
553.4
499.6
355.7
295.8
292.6
266.9
241.9
225.3
210.8
199.5
189.3
182.8
179.2
175.5
171.9
168.3
164.7
167.4
181.0
178.3
153.3
164.7
161.2
155.0
152.4
196.7
272.0
430.0
394.6
311.5
246.8
232.1
262.9
242.9
190.2
167.4
155.9