0.0
6.0
11.5
22.2
22.8
1.9
0.0
0.3
3.1
0.6
1.1
2.9
3.5
2.3
10.1
36.0
34.0
18.9
18.8
0.0
1.4
0.0
0.0
0.0
3.6
11.9
0.0
5.6
11.5
1.3
9.1
21.0
0.2
10.4
10.5
7.9
31.0
1.9
1.4
16.5
25.2
2.0
5.2
1.5
0.0
0.1
0.0
0.0
0.0
0.0
0.0
0.0
5.8
0.1
0.9
0.1
1.8
1.1
4.9
18.1
1.2
0.6
4.2
0.3
0.0
7.5
0.0
0.6
0.0
0.0
0.0
1.6
7.6
8.8
0.0
0.7
0.0
0.0
0.1
3.4
3.1
0.8
0.0
0.8
2.5
5.5
23.8
11.9
9.6
11.1
5.5
0.0
0.9
0.3
3.9
0.0
0.0
4.0
22.3
3.8
0.1
0.0
0.0
0.0
0.0
0.3
4.5
2.8
2.5
2.8
7.9
1.3
1.6
0.0
0.0
0.1
0.0
0.0
0.0
0.0
0.0
1.3
1.7
0.1
0.0
0.0
0.8
0.9
0.4
16.9
7.8
0.0
0.0
0.0
4.2
1.1
0.0
0.0
0.0
0.0
0.0
0.0
0.0
0.0
0.0
0.0
11.5
4.7
0.0
3.8
0.0
0.1
0.0
0.0
0.0
0.0
0.0
0.3
0.0
0.0
0.0
0.0
0.0
0.0
0.0
2.6
5.2
0.0
0.0
10.8
6.0
1.1
7.5
1.2
0.0
10.1
0.0
0.0
0.0
0.0
0.0
0.0
0.0
0.0
0.0
0.0
0.0
0.0
0.0
0.0
0.0
0.0
0.0
0.0
7.7
4.2
11.5
0.0
0.0
0.0
0.0
0.1
62.6
17.3
22.3
3.2
0.0
0.0
1.9
7.9
1.9
0.0
17.4
17.4
0.0
0.1
6.7
0.0
0.0
0.4
0.7
0.0
0.0
1.8
0.0
12.7
5.2
42.2
92.9
36.4
4.0
0.0
0.0
0.0
0.0
2.5
17.9
1.8
0.0
0.0
0.0
0.0
26.5
8.7
2.3
0.0
0.0
0.0
0.0
18.3
7.7
6.0
1.5
0.0
0.0
0.0
0.0
0.4
18.5
0.7
0.3
0.0
0.0
0.0
0.0
0.0
0.1
0.0
0.0
0.0
0.0
0.0
3.0
15.2
10.9
2.8
0.0
0.0
1.4
0.0
0.1
0.0
0.0
0.4
4.4
13.7
0.4
1.3
34.7
14.9
0.0
0.0
4.2
0.0
0.0
0.0
0.0
0.7
5.9
1.1
0.0
0.0
0.0
0.0
43.8
1.5
0.0
7.3
0.0
0.0
0.0
4.6
0.9
3.9
17.4
31.6
0.0
0.0
0.0
0.0
0.0
0.0
0.0
0.0
4.0
29.8
0.5
0.7
14.1
0.0
0.0
11.2
0.3
0.0
0.1
1.7
3.4
5.4
2.1
0.0
16.5
1.3
0.0
0.7
5.6
7.9
2.3
0.0
5.5
3.1
0.0
0.0
2.2
0.4
1.6
0.1
0.0
2.0
0.0
4.2
0.0
0.0
0.0
4.6
0.4
1.2
0.1
0.0
0.0
0.0
0.5
0.0
9.3
7.3
2.3
0.0
0.0
0.0
0.8
1.2
3.9
0.0
1.5
22.5
67.6
5.7
6.4
0.7
0.0
3.7
11.9
2.9
0.0
4.2
4.7
3.3
5.0
0.8
14.3
8.9
9.0
0.0
0.0
0.0
0.0
0.0
0.0
4.5
3.1
0.0
2.0
2.9
5.2
0.0
0.0
3.8
0.3
6.0
10.5
0.0
0.0
0.0
0.0
0.0
0.0
20.9
18.2
7.5
0.0
0.0
0.0
0.0
0.0
0.0
7.5
30.4
0.0
1.7
0.0
0.0
0.0
0.0
0.0
0.0
6.0
4.9
3.7
0.8
0.0
2.4
22.9
0.0
0.0
0.0
0.0
0.0
0.0
0.0
0.0
0.0
0.0
0.0
0.0
0.0
0.1
2.2
0.0
0.0
0.0
0.0
0.0
0.0
0.0
0.0
0.0
0.0
0.0
0.0
0.0
0.0
0.0
0.0
0.0
0.0
5.3
8.0
0.8
0.0
0.0
0.0
0.2
1.2
0.0
0.0
0.0
0.0
0.0
0.0
0.0
0.0
20.7
0.9
0.0
0.0
0.0
0.0
0.0
0.0
0.0
0.0
0.0
0.0
0.0
0.0
0.0
0.0
0.0
0.0
0.0
0.0
0.0
0.0
0.0
24.1
0.0
0.0
0.0
0.0
0.0
0.0
0.0
0.0
0.0
2.5
5.2
3.0
8.1
0.0
0.0
0.0
0.0
4.9
0.0
0.0
0.0
0.0
0.1
2.0
0.7
0.0
0.0
0.0
0.0
0.0
0.0
0.0
0.0
0.2
0.0
0.0
0.0
0.5
0.0
15.7
0.0
23.1
15.0
10.1
0.0
9.2
0.0
0.0
0.0
0.1
0.0
0.0
1.9
1.3
0.0
0.0
0.0
0.0
0.0
0.0
0.0
0.0
0.0
1.6
10.1
12.6
0.1
0.0
1.4
0.0
0.0
0.0
6.0
6.3
0.0
1.0
0.3
0.1
0.0
0.0
0.0
0.0
6.4
0.2
0.0
0.0
19.4
26.6
4.1
0.0
0.4
6.5
11.0
0.0
0.0
0.0
0.0
0.0
37.3
0.0
0.0
0.0
0.0
0.0
0.0
0.0
0.0
0.0
0.0
0.0
0.0
0.0
24.4
0.0
0.0
0.0
0.0
1.7
0.0
0.0
0.0
0.0
0.0
1.7
4.5
0.0
0.0
12.4
1.7
0.7
20.2
0.0
3.8
9.1
14.6
0.0
0.0
0.0
0.0
1.8
11.0
0.0
1.3
3.9
5.7
19.0
0.0
0.0
12.0
0.0
0.0
0.0
0.0
0.0
6.5
0.0
2.3
1.0
0.0
0.0
0.0
0.0
0.9
9.7
10.8
2.4
17.3
4.8
1.1
0.0
0.0
0.7
0.0
0.0
0.0
0.0
0.0
0.0
1.3
7.4
4.2
7.6
0.0
0.0
0.4
0.0
0.0
0.0
0.6
3.5
1.2
15.7
0.9
0.9
0.0
0.0
0.0
0.0
0.0
27.9
50.3
4.8
0.0
0.0
2.9
0.1
6.6
0.0
17.2
0.0
0.0
0.0
0.0
2.4
0.0
0.0
0.0
0.0
0.0
0.0
0.0
0.0
0.0
0.0
0.0
0.0
0.0
0.0
0.0
0.0
0.0
6.6
13.0
0.6
0.2
0.0
0.0
0.0
0.0
0.0
0.0
3.1
2.1
0.0
8.7
31.4
2.7
0.5
10.0
19.0
2.2
0.0
0.0
0.0
0.0
0.8
2.6
0.0
0.0
0.0
13.2
7.6
5.1
0.0
0.0
0.3
0.0
0.0
0.0
0.0
0.0
0.0
1.7
8.3
4.1
39.1
4.9
18.0
4.4
11.4
0.8
0.2
1.2
3.0
12.2
4.8
0.0
0.0
0.3
0.0
0.0
0.0
0.0
1.2
0.0
0.0
0.0
0.9
9.8
4.0
1.8
23.4
0.1
0.3
0.0
0.0
4.5
0.0
0.0
0.0
0.0
26.5
6.6
4.3
0.0
0.0
0.0
0.0
4.9
0.1
0.1
0.0
0.0
0.0
0.0
5.3
0.0
0.0
0.0
19.6
0.1
0.0
5.8
0.0
41.7
7.2
0.0
0.0
8.8
0.0
1.7
0.0
0.0
0.0
3.0
0.0
0.0
0.0
4.8
1.9
0.6
0.0
0.0
0.0
17.4
0.7
0.0
0.0
0.0
0.0
0.0
0.0
15.3
7.0
17.0
0.0
0.0
0.0
0.4
0.1
0.0
0.0
0.0
0.0
0.0
0.0
0.0
0.0
0.0
0.0
0.0
0.2
0.0
0.0
0.0
0.0
0.0
0.0
0.0
35.4
0.0
0.0
0.0
14.0
11.8
7.2
0.1
0.0
0.0
0.0
0.0
0.0
0.0
0.0
0.0
0.6
0.1
5.4
4.6
0.0
0.0
0.0
13.5
0.0
0.0
0.0
0.0
0.0
0.0
0.0
0.0
0.6
0.3
0.0
0.0
0.0
18.9
5.6
0.0
0.3
0.0
0.3
12.0
0.0
4.8
15.7
10.1
0.7
0.0
0.0
0.0
0.0
0.0
5.3
0.0
0.0
0.7
0.0
0.2
4.7
11.6
0.0
0.0
4.3
0.0
0.0
0.0
0.0
0.0
14.5
4.2
0.0
3.0
0.0
0.0
0.0
7.2
4.6
0.0
0.0
0.0
5.7
0.0
0.2
4.5
0.0
11.2
0.4
15.2
20.6
25.5
16.5
0.0
0.6
7.4
24.5
44.8
0.0
0.0
0.0
0.0
10.1
7.1
4.9
0.0
0.0
0.0
0.0
0.0
0.0
0.0
0.0
7.8
47.8
0.0
0.0
0.0
1.7
7.9
2.0
13.3
5.6
0.0
0.0
1.6
0.0
0.0
46.7
0.2
6.5
4.5
2.4
0.0
0.0
0.0
0.0
1.9
8.1
0.0
0.0
0.0
1.8
7.2
0.0
17.9
0.5
0.0
0.0
0.0
1.0
0.0
0.0
0.0
19.2
5.0
0.0
13.7
2.3
1.4
9.6
5.6
3.8
0.2
10.3
3.0
1.9
0.0
0.0
0.0
0.0
0.4
0.0
0.0
0.0
0.0
4.1
0.0
0.0
4.0
0.0
28.6
0.0
0.0
0.0
0.0
0.0
0.0
13.9
0.0
14.7
4.0
2.6
0.0
3.8
0.0
0.0
0.0
7.1
11.9
9.3
1.5
0.0
0.0
0.0
13.7
6.9
0.0
0.0
0.0
3.9
0.0
0.0
5.6
0.0
0.0
0.0
0.0
0.0
5.2
2.2
0.0
0.0
21.6
0.1
0.0
0.0
0.0
8.8
1.2
12.7
0.0
0.0
0.0
0.0
1.4
8.5
1.4
5.3
5.1
5.3
31.4
49.2
7.9
9.1
14.9
12.4
0.0
8.8
1.3
16.9
0.0
2.7
1.7
11.9
4.4
1.7
0.0
0.0
2.2
2.1
0.0
0.0
0.0
0.0
0.0
0.0
0.0
7.4
29.4
1.7
3.9
0.3
0.0
0.0
0.0
0.0
0.0
0.0
0.0
0.0
0.0
0.0
0.0
0.7
16.4
7.6
35.7
0.0
0.0
0.0
0.0
0.0
0.0
0.0
0.0
0.0
0.0
0.0
0.0
0.0
0.0
0.0
0.0
35.9
1.8
0.0
0.0
0.0
0.0
14.3
0.7
12.3
2.2
1.3
0.4
0.0
0.0
0.0
3.5
0.0
0.0
0.1
12.4
20.9
1.3
0.0
0.0
0.0
0.0
0.0
0.0
0.0
0.0
6.3
1.7
0.0
0.0
0.0
0.5
0.0
0.0
0.0
0.0
0.0
0.0
10.3
0.0
0.0
0.0
0.0
0.0
0.0
8.5
4.9
0.0
0.0
0.0
22.8
12.9
0.0
0.0
0.0
0.0
8.0
13.1
6.0
6.3
0.0
0.0
0.0
1.5
20.8
0.0
0.0
0.0
0.0
0.0
0.0
0.0
0.0
0.0
0.0
0.0
1.0
0.0
0.0
0.0
0.0
0.0
13.4
0.0
15.6
72.9
6.2
0.0
0.0
0.0
0.0
0.0
17.0
1.4
0.0
0.0
0.0
0.0
0.0
0.0
0.0
0.0
0.0
3.4
14.6
20.6
21.5
42.0
39.8
30.6
0.0
5.7
0.0
0.0
0.0
0.0
0.1
0.0
1.0
28.6
7.7
0.0
0.0
0.0
0.0
0.0
13.8
2.7
0.0
0.0
0.0
0.8
21.4
9.1
0.0
0.0
5.8
2.5
10.4
9.5
0.0
0.0
0.0
0.0
0.0
5.4
10.3
0.0
0.0
0.0
0.0
0.0
5.2
0.0
0.0
3.6
16.9
0.0
3.1
1.4
6.1
12.4
0.8
0.0
0.0
0.0
27.9
11.4
14.0
13.3
10.6
0.9
0.0
0.0
5.4
40.1
0.0
2.5
15.2
0.0
0.0
0.0
0.0
0.0
1.2
20.6
0.7
6.4
8.0
0.0
0.0
0.0
0.0
0.0
0.0
2.8
0.0
0.0
0.0
0.0
3.7
11.2
3.1
0.0
0.0
0.0
0.0
7.7
11.1
0.0
18.1
66.4
0.2
4.6
4.7
11.2
0.0
0.0
0.0
12.1
11.5
4.0
0.0
0.0
0.0
0.0
0.0
24.7
38.5
83.4
17.6
0.1
55.3
1.8
0.0
0.0
14.6
11.7
0.0
0.2
0.0
0.0
0.0
0.9
23.6
0.0
17.0
0.2
0.5
0.0
0.7
0.5
0.0
5.0
3.2
2.5
0.5
0.3
18.4
36.6
6.8
0.0
0.0
0.0
0.0
0.0
0.0
0.0
0.0
8.1
19.1
0.0
0.0
20.9
4.8
7.8
11.9
2.8
2.3
0.0
1.6
9.0
1.3
0.0
51.4
0.0
0.0
0.8
0.0
9.0
4.7
0.0
2.1
0.0
0.0
9.4
1.8
4.0
7.0
0.0
0.0
9.1
0.2
0.0
0.8
3.8
4.6
0.2
0.0
0.0
0.0
0.0
0.0
0.0
0.0
4.5
0.0
0.0
2.5
0.0
0.0
0.0
0.0
0.0
0.0
0.0
10.8
14.1
0.2
2.7
2.4
0.0
0.0
4.7
0.0
0.0
0.0
0.0
5.8
0.0
0.0
0.0
0.0
5.2
2.9
10.5
0.0
0.2
0.0
0.0
0.0
0.0
1.3
0.0
28.1
24.5
8.5
1.0
5.3
0.1
0.0
0.0
0.0
2.5
0.0
0.6
2.3
0.0
0.0
0.0
0.0
0.0
0.0
0.0
0.3
0.2
1.1
0.7
5.2
1.6
0.0
0.0
0.0
0.0
0.0
0.0
6.5
2.4
0.0
0.0
0.0
0.0
0.0
13.7
0.0
0.0
2.2
25.8
1.5
0.0
0.0
7.0
0.0
0.0
0.0
0.0
2.7
0.0
0.0
0.0
4.2
0.0
0.0
0.0
7.3
0.0
0.0
0.0
0.0
0.0
0.0
4.4
21.6
0.1
0.0
0.0
1.5
3.8
0.0
1.1
0.8
0.0
1.0
0.1
0.0
0.0
0.0
2.5
0.1
0.0
0.1
14.0
0.1
0.0
0.0
7.6
17.4
0.0
0.0
0.0
0.0
0.0
0.0
0.0
0.0
0.0
0.0
0.0
0.0
7.8
2.0
0.0
0.0
0.0
4.0
0.0
0.0
0.0
0.0
0.0
0.0
0.0
0.0
0.0
0.0
0.0
0.0
1.2
15.8
32.4
0.0
3.4
3.5
0.3
14.5
1.0
7.2
0.1
0.0
0.0
0.0
0.0
0.0
0.0
0.0
0.0
0.0
1.5
0.1
0.0
0.0
0.0
2.1
31.9
2.9
5.1
29.9
13.5
4.9
0.0
0.0
4.7
22.7
0.0
0.0
0.0
30.3
4.6
7.5
9.5
0.0
0.0
0.0
0.0
0.0
0.4
0.0
0.0
0.0
0.2
0.0
0.0
4.5
5.3
0.0
0.0
0.0
0.0
0.0
25.6
2.4
2.8
2.6
1.2
0.0
0.0
0.0
5.8
0.0
0.0
4.8
0.0
6.6
11.3
0.0
0.0
0.1
0.5
1.5
0.4
0.1
0.0
1.1
0.0
0.0
0.0
0.0
2.4
2.6
0.0
0.0
0.2
5.0
2.7
1.7
9.2
0.0
0.0
0.0
22.3
0.0
0.0
1.2
2.5
0.0
2.6
1.5
0.0
0.0
6.2
1.1
0.0
0.0
0.1
5.5
32.6
27.1
4.4
0.0
0.0
0.0
8.5
0.0
0.6
0.0
1.9
21.9
0.8
3.8
13.7
0.0
0.1
1.9
4.1
0.3
0.0
0.1
0.0
0.0
0.0
0.0
0.0
0.0
3.0
0.0
0.0
8.6
26.2
0.0
0.0
0.0
0.0
0.0
0.0
0.0
0.3
1.6
2.1
0.0
3.9
21.3
2.3
0.0
0.0
0.0
7.4
0.3
1.7
3.1
10.8
21.3
0.0
10.5
22.0
1.8
9.5
1.0
6.4
22.5
18.0
0.0
0.0
0.0
0.0
2.5
2.3
1.3
0.0
0.0
0.1
0.0
0.0
0.6
2.0
3.5
0.0
0.0
0.0
0.3
8.8
0.0
0.0
1.8
2.5
0.4
7.7
11.6
0.0
1.3
7.5
0.0
0.0
32.4
0.1
2.1
0.0
0.0
0.0
0.0
0.1
1.9
0.0
0.0
0.0
0.0
0.0
0.3
0.0
0.1
10.4
0.0
0.0
0.0
0.5
2.5
0.0
0.0
0.0
0.0
0.0
3.0
0.0
0.3
0.0
0.0
0.0
0.0
0.3
0.1
0.0
0.0
0.0
0.0
0.1
0.0
19.0
0.0
0.0
0.0
0.3
0.0
0.0
0.0
1.8
0.0
0.0
0.0
0.1
0.0
24.4
12.6
0.8
0.0
0.0
0.0
0.0
0.3
0.0
0.0
0.0
0.0
0.0
0.0
0.0
0.0
0.0
21.2
0.0
0.0
0.0
6.8
22.8
0.0
0.0
0.0
20.8
0.1
4.4
0.0
8.4
3.1
9.3
42.0
18.4
45.9
0.0
0.0
0.0
0.0
0.0
16.3
3.4
0.0
1.0
1.6
0.1
0.0
0.0
27.2
0.0
0.0
0.0
1.2
10.5
0.0
0.0
0.0
0.0
0.0
0.0
0.0
0.0
0.0
0.0
6.0
2.6
0.0
0.0
11.9
0.9
0.0
0.0
0.0
0.0
2.8
18.2
1.1
0.0
0.0
0.0
0.0
0.0
26.6
7.8
6.5
0.0
0.0
0.0
0.0
2.5
0.1
0.0
0.0
0.0
0.0
0.0
0.0
24.0
1.1
0.0
0.0
0.0
0.0
0.0
0.0
0.0
0.0
0.0
0.0
0.0
0.0
0.0
0.0
0.0
0.0
2.3
11.3
0.0
0.0
0.0
0.0
0.0
1.4
0.3
13.1
14.8
3.2
0.0
2.8
16.4
0.0
0.0
0.0
0.0
33.0
19.0
0.0
0.0
7.4
0.0
21.8
0.0
0.0
0.0
0.0
20.4
0.0
0.0
0.0
20.8
25.3
25.4
4.9
0.0
4.8
7.7
0.0
1.8
0.0
0.0
0.0
13.1
7.1
55.5
37.3
0.0
0.0
0.0
0.0
36.3
6.6
0.3
5.9
21.6
2.4
2.4
0.0
1.5
5.7
11.8
0.0
1.3
1.2
0.5
1.1
17.4
0.0
1.3
0.0
6.2
4.8
1.1
0.4
0.0
0.0
3.2
1.6
0.0
0.0
0.0
1.6
0.0
24.0
7.8
7.3
0.0
0.0
8.2
0.7
1.7
7.6
13.1
7.6
0.0
0.0
5.1
0.1
0.0
0.0
0.2
23.5
2.6
0.0
4.2
7.5
36.3
18.7
17.1
0.1
0.0
0.0
0.0
0.0
0.0
0.0
8.1
0.0
0.0
0.5
17.2
3.5
0.5
0.6
0.5
2.1
0.0
1.5
0.4
14.1
17.0
18.0
6.1
0.3
0.0
0.0
2.2
2.0
4.3
2.0
1.2
0.9
0.0
0.8
1.8
0.0
0.6
9.4
27.2
0.8
0.3
18.8
0.0
19.2
0.4
1.6
4.6
35.3
2.5
47.4
3.9
0.0
17.7
8.0
0.0
0.0
0.0
0.0
0.0
3.8
2.9
24.1
0.0
0.0
0.0
0.0
0.0
0.1
15.2
0.0
0.0
0.0
0.0
0.0
0.1
0.1
1.9
9.1
5.5
0.5
0.0
8.2
4.2
0.0
0.0
17.9
14.2
1.7
0.0
0.0
0.0
0.0
0.0
0.0
0.0
18.3
8.6
0.0
26.2
5.2
0.3
0.0
0.0
0.0
8.2
9.5
0.0
0.0
0.0
0.6
0.1
3.5
48.2
5.5
2.2
0.0
0.0
0.0
1.7
0.0
53.9
9.1
17.0
0.0
0.0
0.0
1.4
17.0
8.5
20.8
37.1
0.2
0.0
0.0
0.8
0.0
0.0
0.0
20.0
5.0
5.3
2.5
0.1
0.0
0.0
1.4
0.0
0.0
0.4
0.0
3.1
0.0
1.3
46.7
61.4
50.0
0.1
0.0
0.0
0.0
0.0
0.0
0.0
0.0
0.0
24.3
5.5
0.5
1.0
1.6
0.0
0.0
4.5
0.0
8.3
0.0
0.1
61.4
60.4
40.2
38.5
33.1
47.9
31.7
1.3
5.3
3.4
18.5
46.3
5.1
0.0
0.0
0.0
0.0
5.0
20.7
42.5
5.3
18.8
34.5
0.0
4.3
67.1
28.0
12.7
0.5
0.3
0.0
0.0
0.0
0.0
1.6
0.0
0.8
0.0
0.0
0.1
29.3
37.7
52.2
44.2
0.0
0.0
0.0
0.5
0.3
0.0
2.5
0.0
0.0
0.0
0.0
0.0
0.0
25.8
0.0
0.0
0.0
1.0
0.4
0.5
1.5
0.0
0.0
0.0
4.6
6.8
4.9
2.7
24.9
0.0
0.0
2.3
0.0
0.0
0.0
60.9
19.5
0.0
0.0
1.8
0.0
0.5
11.1
11.5
3.1
0.0
0.0
0.0
0.0
0.0
0.0
0.0
0.3
3.4
1.8
2.9
2.2
0.0
0.0
2.8
20.2
2.9
0.0
0.0
6.3
0.0
0.0
0.0
0.0
0.3
0.0
0.0
0.0
0.0
5.1
0.8
16.8
10.6
13.6
4.7
0.0
23.1
0.0
0.0
0.5
59.6
0.5
0.2
12.4
5.5
4.3
0.6
2.4
9.5
0.1
13.5
0.0
0.0
0.0
2.4
5.1
4.2
0.7
0.0
11.1
2.4
0.0
0.0
43.6
13.3
8.7
0.0
0.0
0.0
3.6
0.4
11.2
23.9
2.2
0.0
10.5
3.7
2.9
14.7
1.1
3.4
24.0
0.0
0.0
0.0
0.1
4.3
20.2
2.1
5.0
0.9
0.5
0.0
19.4
1.8
1.1
4.7
0.0
2.6
0.0
8.4
2.6
3.6
7.7
37.6
4.8
0.8
9.1
6.1
38.5
5.0
0.3
3.0
0.9
2.7
0.6
0.0
6.2
5.5
14.0
41.2
6.3
12.7
3.1
1.1
0.0
28.7
0.0
0.0
0.0
5.1
0.0
0.0
0.0
0.0
0.7
0.0
12.8
2.5
5.0
0.0
0.0
1.3
26.8
3.3
0.0
1.2
14.7
7.5
1.3
22.1
27.3
10.0
0.6
3.2
0.0
10.9
2.3
0.2
1.2
0.0
0.1
0.0
0.0
0.0
0.0
0.0
5.6
5.5
14.5
19.4
0.0
0.0
0.0
0.0
0.0
2.8
0.0
8.9
1.5
0.0
0.0
31.4
1.9
0.8
0.0
0.0
0.0
0.0
0.0
0.0
0.0
0.0
3.4
4.9
2.9
0.0
2.8
3.4
3.0
9.2
3.1
0.0
6.1
21.0
0.0
0.0
0.0
0.0
0.0
11.8
9.2
0.0
0.0
0.0
0.0
0.0
0.4
0.6
4.3
4.5
6.9
2.3
4.2
15.2
0.0
0.0
2.4
5.4
0.0
17.6
5.6
0.0
0.0
0.0
0.0
0.0
0.0
0.0
0.0
2.6
0.0
0.0
0.0
0.0
0.0
2.9
22.9
6.7
2.2
0.0
3.8
0.0
0.0
15.4
0.3
24.4
26.3
38.6
0.0
6.7
0.0
0.0
0.1
4.6
5.1
0.0
0.0
0.8
0.0
0.0
0.0
0.0
0.0
1.1
14.2
3.7
16.6
43.6
1.9
4.8
0.0
0.0
1.6
11.7
0.3
11.4
4.8
0.0
0.1
0.0
19.1
52.3
1.0
0.0
0.0
0.0
0.0
0.0
0.0
0.0
0.0
0.0
0.0
19.3
12.0
0.7
22.0
89.0
75.4
8.1
16.2
3.6
0.0
0.0
2.4
0.0
0.0
0.0
0.0
0.0
1.0
2.4
1.3
4.2
0.3
0.0
24.3
0.7
0.0
0.0
0.0
0.8
0.6
0.0
0.0
0.0
0.0
0.0
0.0
0.0
4.6
0.0
0.0
0.0
0.0
0.6
0.0
12.8
0.0
0.2
0.0
11.9
20.6
0.0
0.0
0.0
0.0
43.0
37.4
6.2
1.6
0.0
0.0
0.0
0.0
0.0
6.1
7.3
27.5
0.8
6.1
16.2
0.0
0.0
0.0
0.0
0.0
0.0
0.0
0.0
3.5
6.4
0.0
0.0
0.0
0.0
0.7
0.0
0.0
0.0
0.0
0.0
0.2
5.1
0.0
4.0
13.0
0.0
3.7
30.5
5.7
16.6
16.7
0.0
0.0
9.5
0.3
0.0
0.0
0.0
0.1
0.4
0.0
2.0
3.9
0.5
1.8
0.0
9.8
5.0
0.0
0.0
0.8
0.0
3.0
9.1
0.0
0.0
0.0
40.2
61.3
8.0
3.0
0.0
0.0
10.0
14.1
0.0
0.0
0.0
1.9
11.9
0.0
0.0
0.6
0.0
0.0
0.0
25.3
11.0
0.0
0.0
0.0
0.0
11.7
7.3
1.1
0.0
0.0
0.0
0.0
0.4
2.4
0.0
0.0
0.0
0.0
7.6
0.0
2.0
18.2
0.0
0.0
0.0
0.0
0.0
0.0
0.0
0.0
0.0
0.0
2.4
0.2
12.1
0.6
5.7
12.5
15.2
18.2
15.3
0.5
0.0
0.0
1.5
1.0
0.3
15.1
9.1
28.1
9.6
9.7
18.1
3.1
10.1
27.4
9.7
7.2
7.2
1.8
0.0
0.0
0.0
6.6
0.6
0.0
2.6
0.0
0.0
0.0
7.6
10.4
3.3
0.4
34.5
7.7
0.0
0.0
0.0
3.4
4.6
0.4
0.0
3.6
0.0
2.2
0.4
2.8
7.0
37.7
3.0
0.4
0.6
0.0
0.4
0.0
0.0
9.6
2.3
6.3
8.3
14.4
4.8
0.0
0.0
0.0
1.1
0.0
0.0
0.0
0.8
39.1
0.7
2.3
0.0
0.0
0.0
0.0
0.0
0.0
0.0
5.4
0.0
0.0
0.0
12.0
0.0
0.0
0.0
0.0
0.0
0.0
0.0
4.5
34.8
6.2
0.0
0.0
0.0
0.0
0.0
0.0
0.0
0.0
0.0
3.7
0.2
0.0
0.0
1.2
0.0
0.0
0.0
0.0
2.4
1.3
0.0
0.0
12.1
0.7
0.0
0.0
0.0
0.0
0.5
17.8
0.3
0.0
0.0
0.0
0.0
0.0
0.0
14.7
4.2
0.0
0.0
0.0
0.0
0.0
0.0
0.0
0.0
0.0
0.0
0.0
0.0
4.8
7.4
3.1
0.0
0.0
21.5
18.0
0.0
0.0
1.7
0.0
0.0
0.0
0.0
0.0
0.0
0.0
0.0
0.0
0.0
0.0
0.0
0.0
0.0
0.4
0.8
0.0
1.7
11.7
0.0
0.0
0.1
0.0
0.0
0.0
1.3
0.0
0.0
0.0
4.9
3.7
1.3
17.1
8.2
0.0
0.0
0.0
0.1
3.7
11.4
13.6
0.0
0.0
0.0
0.0
0.0
0.0
0.0
1.5
0.0
1.0
33.5
5.4
0.0
0.8
9.8
0.3
0.0
0.0
0.0
0.0
0.0
0.0
0.0
1.8
3.4
5.6
6.8
5.8
0.9
1.7
24.4
0.3
0.0
0.0
0.0
0.0
0.0
0.0
0.0
7.9
17.3
2.1
0.6
0.0
0.0
0.0
0.6
4.6
1.3
0.0
1.9
0.0
0.0
0.0
2.4
28.2
11.3
7.9
0.0
0.0
23.6
35.9
0.0
0.0
2.1
0.8
0.0
0.0
1.0
7.4
1.8
5.0
8.5
22.8
4.2
19.3
9.1
2.9
0.0
0.0
0.0
0.0
0.0
0.0
0.0
0.0
0.0
0.0
0.0
0.0
2.4
0.7
10.2
14.3
16.0
0.0
0.0
4.8
0.0
0.0
0.0
0.0
0.0
0.0
0.0
1.3
3.2
0.0
1.0
0.0
0.0
2.3
4.8
3.6
1.7
0.8
2.9
0.6
0.0
0.0
0.0
0.0
4.1
0.0
0.0
0.0
0.6
3.9
9.9
10.6
0.0
0.0
3.2
6.2
6.8
0.0
0.0
0.0
0.0
0.0
0.0
0.0
2.5
0.6
7.8
4.9
14.8
3.1
0.5
1.7
25.6
23.9
13.6
3.4
2.2
26.0
0.6
0.0
3.2
2.8
0.0
2.8
1.0
7.3
7.7
4.9
0.0
0.0
1.6
21.1
2.9
3.4
5.2
12.5
2.7
7.3
0.0
44.8
3.8
5.0
0.0
0.0
0.0
0.0
0.0
0.0
2.4
23.2
4.9
8.6
16.4
7.4
1.0
0.0
0.0
0.0
0.0
2.4
0.0
0.0
0.0
0.0
0.0
2.7
1.6
0.0
13.3
9.9
2.0
0.0
4.4
0.0
0.0
0.0
0.0
0.3
0.0
2.0
0.0
0.0
1.1
0.0
0.0
0.0
2.2
3.3
9.5
4.2
10.5
4.7
0.0
1.3
2.9
11.8
0.6
0.0
0.6
49.2
0.0
0.0
0.6
0.0
0.0
0.1
0.0
0.6
0.0
0.7
0.0
1.8
2.4
0.0
0.0
3.5
0.0
0.0
0.0
0.0
0.0
0.0
0.0
0.0
2.8
0.0
4.3
2.2
0.0
0.0
0.0
0.8
24.7
2.2
1.8
0.0
0.0
0.0
0.0
4.0
0.1
0.0
0.0
2.6
47.9
38.6
0.0
0.0
4.0
0.0
0.0
0.0
1.0
0.0
0.6
2.2
0.0
0.0
0.0
0.0
7.4
7.7
0.0
0.0
0.0
0.0
0.0
0.0
0.0
0.0
17.2
2.5
0.0
0.0
1.2
4.4
0.9
1.4
0.0
0.0
0.0
0.0
0.0
0.0
0.0
0.8
2.8
0.0
0.0
0.4
0.0
0.0
0.1
11.6
28.3
3.4
15.6
0.0
0.0
0.0
0.0
0.0
0.0
0.0
0.0
0.0
0.9
0.0
0.0
0.0
0.3
1.2
3.6
0.0
0.0
0.0
0.8
1.3
3.7
0.5
7.3
36.1
4.8
0.0
0.0
0.0
0.0
0.0
3.2
28.5
0.0
0.0
0.0
0.0
0.0
0.0
0.0
0.0
0.0
0.0
0.8
7.4
0.0
0.0
0.0
0.0
0.0
0.0
0.0
0.0
0.0
0.0
1.1
11.6
30.1
8.2
16.8
7.2
5.3
0.0
0.0
15.3
0.0
0.0
0.0
0.0
0.0
0.0
0.0
0.0
0.0
0.0
0.0
0.0
11.3
12.6
27.6
63.3
5.4
0.0
0.0
0.0
0.0
0.0
0.0
18.2
1.8
0.0
8.9
0.6
0.0
0.0
0.0
0.0
0.0
0.0
12.4
0.0
0.0
9.7
10.5
15.3
15.3
39.8
43.2
0.0
0.0
0.0
3.8
6.3
0.0
0.0
0.0
0.0
0.0
0.0
4.1
0.0
20.3
0.0
0.0
2.7
0.8
7.7
19.7
26.9
7.8
1.4
0.7
0.8
0.0
0.0
8.0
0.8
0.0
17.0
5.9
0.8
0.0
0.0
0.0
0.4
2.4
0.4
0.0
0.0
14.0
1.8
0.0
20.0
7.8
1.3
6.1
7.0
5.8
3.8
1.4
3.9
0.0
2.1
2.8
8.8
0.0
3.6
0.0
2.2
8.8
6.3
2.4
1.3
58.9
9.4
9.1
21.1
29.1
2.2
13.5
3.6
6.1
8.2
0.0
6.9
0.0
5.0
5.5
0.0
0.0
0.0
0.0
0.0
0.0
5.2
15.9
19.3
15.3
5.6
3.5
5.9
11.5
5.6
0.0
0.0
0.0
1.3
0.0
3.7
17.6
1.0
14.2
30.5
8.1
2.9
0.7
3.4
2.6
0.0
0.0
0.8
0.0
0.0
0.0
0.0
0.0
0.0
0.8
0.0
0.7
0.0
15.2
0.0
0.0
0.0
0.0
0.0
0.0
0.0
0.0
0.0
5.1
5.6
5.0
1.8
0.0
0.0
27.1
0.0
0.0
0.0
0.0
0.0
0.0
8.4
0.0
0.0
0.0
0.0
0.0
0.0
0.0
23.7
1.9
70.6
34.4
30.9
0.0
2.7
0.0
0.0
0.0
0.0
1.3
0.0
0.0
0.0
0.0
0.0
0.0
0.0
0.0
0.0
1.1
2.4
0.6
0.0
2.7
3.0
57.8
53.9
1.5
0.0
0.0
4.9
13.9
88.9
54.3
0.0
0.0
2.4
5.4
15.0
7.6
2.8
0.0
0.0
0.0
0.0
0.1
0.0
3.1
0.0
0.0
0.1
0.0
1.7
2.9
3.1
11.3
0.0
0.0
0.0
0.0
0.0
0.0
27.8
29.8
2.8
1.8
0.0
0.0
0.0
0.0
0.0
0.0
20.1
0.0
0.0
0.0
0.0
0.0
0.0
0.0
0.0
0.0
0.0
12.1
2.0
0.0
27.7
12.1
2.2
0.0
0.8
8.9
4.7
13.4
0.0
0.0
0.0
4.4
18.1
0.0
11.5
0.0
0.0
0.0
0.0
2.4
0.0
3.4
10.2
7.9
7.1
0.0
0.0
0.0
0.0
3.2
7.1
8.4
1.0
0.0
0.0
0.0
49.7
0.8
10.6
6.5
2.7
22.7
0.0
5.2
8.2
0.2
0.0
0.0
0.4
1.6
3.4
0.0
0.0
3.0
8.9
0.0
0.0
4.0
9.6
0.0
0.0
0.0
0.0
0.0
4.9
3.8
51.0
0.0
0.4
1.9
3.6
7.7
0.0
0.0
0.0
0.0
0.0
0.0
2.5
5.3
0.0
0.0
0.0
0.8
0.0
0.0
46.0
5.6
0.0
1.1
0.4
20.9
2.9
0.0
1.1
0.0
0.0
1.8
15.2
8.9
44.4
16.8
4.1
27.7
19.5
0.0
0.0
1.0
0.0
0.0
0.0
10.5
0.0
4.0
15.3
0.0
0.0
2.8
4.1
0.0
0.0
4.8
0.0
4.1
2.1
9.4
0.0
0.0
0.0
0.0
0.0
2.4
4.9
0.0
0.0
0.0
0.0
26.0
7.8
0.0
0.0
11.4
8.1
1.0
0.0
0.0
0.0
0.0
0.0
19.4
5.2
14.1
0.0
0.0
0.6
6.1
0.0
0.0
1.9
0.0
0.0
0.0
0.0
3.3
19.8
0.0
0.0
1.0
0.0
0.0
0.0
0.0
3.8
0.8
3.2
8.1
9.4
0.0
1.6
0.4
0.0
0.0
0.0
6.2
0.8
0.0
0.0
8.6
4.7
0.0
0.0
17.0
16.2
0.6
3.0
5.6
2.8
4.5
0.0
2.3
26.1
0.0
0.0
0.0
2.5
0.0
1.0
3.2
2.4
36.6
5.0
0.0
0.0
0.0
0.0
0.0
0.0
0.7
13.5
1.2
2.6
0.0
4.4
4.8
12.4
6.3
0.0
0.0
0.0
0.0
0.0
0.0
0.0
1.0
3.5
3.1
2.7
0.0
3.4
11.3
6.8
5.5
1.0
1.3
1.4
1.9
0.0
0.0
0.8
1.1
0.0
0.0
0.0
1.4
13.9
0.0
0.0
0.0
0.0
0.0
0.0
0.0
0.0
0.0
0.0
0.0
0.6
16.8
0.0
6.2
0.0
0.0
0.0
0.0
0.0
0.0
6.8
0.0
0.0
0.0
0.0
40.2
6.8
0.0
0.0
5.6
0.0
0.0
0.0
0.7
0.0
19.0
0.0
6.6
30.7
11.0
0.0
0.0
6.7
10.8
3.8
25.4
52.4
0.0
0.0
1.5
7.6
0.0
0.0
3.0
0.0
0.0
0.0
0.0
0.0
0.5
0.0
0.0
0.0
4.2
4.5
18.2
5.0
0.0
0.0
0.0
0.0
0.7
6.9
0.0
0.0
0.0
0.0
9.6
2.7
0.0
0.0
0.8
14.0
4.6
0.0
0.0
9.1
7.0
0.0
0.0
0.0
1.0
4.0
27.2
0.0
0.0
0.0
13.3
0.0
0.0
0.0
1.2
5.2
0.0
0.0
0.0
0.0
0.0
0.0
7.5
21.3
0.0
0.0
0.0
0.0
1.3
0.0
0.0
0.0
0.0
0.0
0.0
0.0
0.0
0.0
0.0
1.5
0.0
0.0
0.0
0.0
0.0
0.0
0.0
0.0
0.0
0.0
0.0
0.0
0.0
0.0
0.0
0.0
1.8
0.0
0.0
0.0
0.0
0.0
2.1
0.6
0.0
0.0
0.0
0.5
0.8
0.0
0.0
0.0
0.0
0.0
0.4
0.0
0.0
0.0
0.0
0.0
0.0
0.0
0.0
0.0
0.0
0.0
0.0
0.0
0.0
0.0
1.0
41.3
39.3
0.0
0.0
1.1
5.3
0.0
25.3
54.7
26.0
7.0
2.4
0.2
0.0
5.5
0.0
0.1
0.0
0.0
0.0
5.2
22.8
0.0
0.0
0.0
0.0
0.0
0.0
0.0
1.8
7.4
0.0
0.0
0.0
0.0
0.0
8.2
0.0
0.0
0.0
6.0
2.2
3.5
14.4
0.0
0.0
0.0
0.0
0.0
2.8
0.0
0.0
1.8
0.0
0.0
0.0
0.0
0.0
0.4
0.6
10.1
16.0
0.0
0.0
0.0
0.0
0.0
0.0
6.0
2.2
7.5
0.0
0.0
0.0
0.0
21.9
0.0
0.0
0.0
4.8
10.1
9.2
0.0
0.0
0.0
0.0
0.2
2.3
7.8
0.0
0.0
10.0
12.1
0.0
0.0
0.0
0.0
3.4
5.9
0.8
0.0
8.6
11.5
1.5
0.7
0.6
2.8
3.6
0.0
0.0
4.9
4.2
1.4
1.5
0.0
16.5
1.4
14.6
24.0
0.0
0.1
0.0
15.1
3.6
1.8
7.7
1.4
0.0
0.0
16.0
12.5
2.0
18.6
13.7
7.1
13.6
28.2
19.1
3.7
1.4
29.0
2.8
15.1
0.0
0.7
0.0
0.0
0.0
0.0
0.0
0.2
0.0
0.0
0.3
9.8
21.3
3.2
0.6
0.0
0.0
10.9
17.4
0.6
24.8
2.8
0.5
0.0
0.0
5.1
7.9
5.1
0.0
9.4
2.3
0.0
1.0
0.0
0.0
4.8
0.0
0.5
0.0
0.0
3.9
3.1
0.0
1.8
0.0
1.5
10.3
2.4
0.0
2.1
0.0
13.7
1.6
0.0
0.0
0.0
6.7
26.4
16.8
5.1
2.3
0.7
12.9
5.7
0.0
0.0
0.0
1.5
6.2
0.0
0.0
0.0
0.0
0.0
1.8
0.0
0.0
0.0
0.0
0.0
0.0
0.9
0.0
9.0
2.0
9.1
1.4
24.3
3.9
15.4
40.0
9.7
13.9
0.7
0.0
0.0
0.0
0.0
0.0
0.0
0.0
0.0
0.0
0.0
0.0
0.0
0.0
0.0
0.0
0.0
0.4
6.4
0.0
0.4
0.0
0.0
0.0
0.0
0.0
0.0
1.4
0.0
0.0
0.0
1.1
3.3
0.1
0.0
0.0
0.0
0.0
0.6
0.4
4.6
0.0
0.0
0.0
0.0
0.0
0.6
2.4
1.1
15.4
2.3
0.6
0.0
2.5
0.0
6.9
11.1
14.2
0.7
11.2
0.0
0.0
0.0
0.0
0.0
0.0
0.0
0.3
0.0
0.0
0.0
0.0
0.0
0.0
0.0
0.0
0.0
0.0
0.0
2.5
11.2
8.0
15.9
1.2
3.4
0.1
0.0
0.0
0.0
0.0
3.2
0.0
0.0
0.0
0.6
1.7
0.4
0.0
0.0
0.0
0.0
0.0
0.0
0.0
0.0
0.0
18.6
1.5
12.8
2.0
54.0
0.0
12.6
0.0
0.0
0.0
0.0
8.8
0.0
4.8
0.0
0.0
0.0
35.1
4.1
34.5
0.0
22.7
67.2
1.5
33.1
4.6
0.0
0.0
0.0
0.0
0.0
0.0
0.0
13.9
40.9
4.0
0.0
0.6
0.0
6.6
0.0
0.0
0.0
17.8
16.3
0.0
0.0
0.0
0.0
0.0
0.4
1.1
2.8
0.0
1.1
0.0
1.0
4.6
0.0
0.0
0.0
0.0
0.0
0.0
0.0
0.0
13.6
7.6
0.0
0.2
0.0
0.3
0.0
0.0
0.0
0.4
0.0
0.0
0.0
0.0
4.9
3.3
1.8
17.5
0.0
2.3
0.0
0.0
0.0
0.0
0.0
0.0
10.4
0.0
8.4
2.6
2.1
0.0
0.0
3.6
10.8
1.0
0.7
0.6
0.0
0.0
0.0
0.0
0.0
0.0
0.1
3.7
12.3
3.7
1.1
0.5
3.4
0.0
0.4
6.1
0.0
0.0
2.0
0.0
0.0
0.0
0.0
0.0
0.0
6.2
19.0
19.7
12.0
20.8
18.9
15.0
0.3
0.9
0.0
2.5
9.0
11.9
0.6
10.4
13.6
21.8
5.2
2.7
2.7
13.4
8.3
7.0
1.4
14.1
10.1
1.9
0.0
3.6
5.4
0.0
0.0
0.0
0.0
11.5
0.1
0.0
0.0
0.0
0.0
0.0
0.0
0.0
2.0
23.5
5.6
31.2
64.1
11.9
3.0
10.1
0.0
0.7
0.1
0.0
0.0
7.6
17.7
12.6
20.1
6.0
1.0
0.0
0.3
0.0
0.0
17.1
0.0
19.3
0.0
0.0
0.0
0.0
0.0
0.0
0.0
17.7
3.0
8.8
7.2
4.3
12.3
0.0
0.0
2.1
0.0
19.2
1.1
0.0
14.2
0.6
0.0
37.6
2.1
13.3
0.0
1.8
0.9
2.9
11.2
7.6
27.8
1.4
0.1
0.0
0.0
0.0
0.6
0.0
0.0
0.0
3.0
0.0
0.0
1.0
0.0
0.0
0.0
14.4
0.0
2.5
59.5
13.4
0.3
0.0
0.0
0.0
0.0
0.2
0.6
0.0
0.0
1.7
0.0
25.6
0.0
0.0
0.0
0.0
0.0
6.0
6.3
0.7
0.0
0.0
0.0
0.0
1.5
0.0
0.0
0.0
0.0
17.7
47.8
49.9
23.4
8.7
2.8
2.6
33.0
34.9
0.0
0.0
3.3
0.0
0.0
0.0
0.0
14.4
1.5
0.0
0.0
0.0
0.0
0.0
16.4
4.8
0.0
0.0
9.3
10.3
0.0
0.0
0.0
0.0
0.0
0.0
0.0
0.7
7.2
13.3
0.0
0.0
0.0
0.1
0.0
0.0
0.0
0.0
0.0
3.6
8.7
23.4
2.8
9.7
16.0
0.4
3.6
12.9
0.0
0.4
2.8
1.5
0.0
0.0
0.0
0.0
0.0
0.0
0.0
0.0
1.7
0.0
0.0
0.0
0.0
0.0
0.0
0.0
0.0
0.0
25.8
3.9
1.7
8.7
24.6
0.0
0.0
0.0
0.0
0.5
2.6
23.5
4.1
0.0
0.0
0.4
10.8
5.3
0.0
0.0
0.8
1.7
9.9
31.8
0.0
0.0
2.0
25.5
20.6
0.0
0.0
0.0
0.4
1.7
2.5
11.3
4.9
25.6
5.2
0.0
0.0
0.0
0.0
0.0
4.7
6.1
2.0
1.8
0.0
0.0
0.0
0.0
1.7
1.8
14.6
82.1
0.0
21.7
10.5
16.5
39.6
0.0
0.0
6.1
2.1
10.8
0.5
0.0
0.0
0.0
0.0
0.0
0.0
0.0
0.0
5.2
5.9
39.2
1.3
0.0
4.4
9.8
0.0
1.0
5.8
37.0
7.1
0.0
10.0
0.4
0.4
0.0
24.1
0.8
0.7
23.2
4.7
4.6
1.1
0.0
0.0
35.7
2.4
2.1
0.0
0.0
0.0
0.0
0.0
10.9
0.9
0.0
1.9
4.6
0.0
0.6
0.0
15.3
2.4
9.1
18.2
0.0
0.0
0.0
0.0
0.0
0.0
0.0
0.0
0.0
7.6
9.4
0.0
0.0
0.0
0.2
0.0
0.0