13.9
14.4
14.4
38.7
91.2
54.6
36.5
26.5
22.4
21.4
19.5
17.9
17.3
23.4
32.6
56.7
74.1
90.9
154.1
150.6
123.7
107.1
88.6
72.2
70.5
64.7
50.9
50.9
52.5
41.3
37.5
69.5
57.6
67.3
88.3
85.5
106.9
141.2
113.4
101.7
108.5
117.9
108.2
96.4
82.2
70.7
56.2
39.0
28.6
21.7
20.1
16.7
15.3
16.7
13.9
25.5
21.1
18.8
23.0
14.7
34.6
26.5
18.5
17.3
17.0
17.0
16.7
15.3
12.8
11.8
11.0
10.8
10.5
27.3
29.8
23.4
14.7
11.3
10.8
11.0
15.8
12.3
17.3
15.0
12.5
12.5
74.1
69.7
48.7
75.9
62.5
37.9
28.4
26.7
21.1
17.6
15.8
20.4
31.4
49.4
26.5
20.4
16.7
14.4
14.1
13.3
12.3
12.0
14.1
18.2
17.0
15.8
21.4
15.8
13.3
13.1
12.3
11.3
10.8
10.0
9.3
9.3
9.8
10.3
9.3
9.1
8.7
8.4
8.2
8.7
10.0
13.9
10.0
8.9
8.4
8.2
7.8
7.6
7.4
7.2
7.0
6.8
6.6
6.4
6.4
6.4
8.4
15.0
13.3
11.8
11.3
9.8
8.4
7.8
7.2
7.0
7.0
8.0
7.2
6.8
6.6
6.4
6.2
6.0
5.8
6.0
6.4
6.6
6.6
7.0
10.8
9.1
8.7
8.4
8.2
14.4
13.3
9.1
8.2
7.2
7.0
7.0
6.6
6.4
6.2
6.0
5.8
5.6
5.6
5.4
5.2
5.2
5.2
5.1
5.1
5.2
6.6
7.2
6.2
5.8
5.4
5.2
37.7
150.0
92.0
90.7
61.1
30.0
18.8
18.8
15.3
13.1
15.8
53.2
36.0
24.4
22.7
33.4
21.7
16.7
14.7
13.3
12.8
11.8
11.5
14.1
15.3
78.1
203.1
232.6
157.4
186.4
217.0
176.8
159.2
140.3
128.8
115.1
95.1
74.6
58.7
40.9
58.5
41.5
43.0
32.6
27.6
23.4
21.1
30.8
62.5
42.1
35.6
27.8
24.1
19.8
17.9
16.1
16.4
31.4
17.9
15.5
13.9
13.3
12.8
11.8
11.8
11.5
11.0
10.8
10.0
9.3
9.3
16.1
68.3
115.1
102.3
58.7
38.3
34.8
26.7
22.7
17.0
15.3
14.4
25.8
32.8
21.7
56.7
103.1
76.9
58.7
47.6
39.2
30.6
23.0
17.9
16.4
16.7
16.4
14.1
12.5
11.5
10.8
27.3
61.8
35.8
32.8
29.8
20.4
19.5
25.5
25.5
21.4
36.9
122.3
92.5
64.9
49.8
43.0
32.6
24.8
17.0
14.4
14.1
37.5
35.2
21.1
17.0
24.1
22.0
24.8
28.8
24.4
17.9
21.1
23.4
21.7
18.2
23.7
45.4
39.4
27.4
22.0
24.8
33.0
23.4
18.5
17.6
28.4
24.4
19.8
13.3
17.0
15.3
15.8
30.8
26.2
20.7
16.1
14.4
12.0
11.5
19.1
17.0
11.8
12.3
15.8
11.8
10.8
9.3
9.1
15.8
13.1
11.0
9.3
8.7
8.0
7.4
7.2
8.0
8.9
7.4
35.8
149.1
128.0
74.9
56.0
37.5
28.6
36.2
42.8
35.8
26.5
35.4
44.5
41.3
28.6
33.6
40.0
38.7
43.7
30.8
26.2
21.7
19.1
16.1
23.7
26.9
28.2
26.9
21.7
17.6
14.7
12.3
12.0
12.5
19.1
30.6
29.6
14.4
11.8
10.8
10.3
9.6
19.1
29.6
27.1
22.0
18.2
15.8
13.1
11.0
11.0
18.2
56.2
34.6
24.8
18.2
14.1
12.8
11.8
10.3
10.8
17.0
19.8
18.5
17.3
13.1
10.5
29.6
27.3
12.8
10.8
9.8
9.1
8.4
8.2
7.6
7.6
7.2
7.0
6.8
6.6
6.6
6.6
6.6
6.4
6.4
6.2
6.0
5.8
5.6
5.6
5.2
5.2
5.2
5.2
5.2
5.2
5.2
5.2
5.2
5.2
7.0
10.5
15.8
10.3
9.1
7.8
7.0
6.8
6.6
6.4
6.4
6.2
6.0
5.4
5.2
5.6
6.2
8.4
7.2
6.8
6.6
6.4
6.0
5.4
4.5
4.2
4.4
4.0
3.9
3.7
3.6
3.4
3.3
3.2
3.1
2.9
2.8
2.9
3.6
5.1
4.9
4.7
4.7
4.9
4.7
4.4
4.4
4.2
3.9
3.9
4.5
4.7
4.9
5.1
4.9
4.7
4.5
4.5
4.4
4.4
4.2
4.0
4.2
4.5
4.7
4.7
4.5
4.4
4.2
4.2
4.0
3.6
3.6
3.6
3.6
3.6
3.6
3.6
3.6
4.5
7.0
8.2
27.6
30.6
28.0
13.3
13.1
11.5
9.3
9.1
7.2
6.6
6.0
5.2
5.2
5.2
5.2
5.1
5.1
4.9
4.9
4.7
4.5
4.5
5.1
14.1
17.3
9.3
8.0
7.0
6.8
6.6
6.2
8.0
9.3
8.7
7.2
7.0
7.0
6.6
6.2
6.0
5.8
5.8
5.8
6.2
10.5
55.5
48.7
20.4
14.1
12.8
15.8
20.4
18.5
13.1
9.8
19.8
65.9
107.1
95.1
47.4
30.8
20.7
15.3
13.3
11.5
10.8
9.8
9.1
8.4
9.6
15.0
14.4
10.0
9.1
8.7
7.2
7.0
7.0
6.8
6.4
6.2
6.4
7.0
6.8
6.4
6.8
9.3
8.0
6.8
6.4
8.2
68.3
31.6
17.0
13.1
10.3
8.9
8.7
9.3
11.3
10.0
11.5
13.3
46.5
32.8
17.6
17.6
17.0
15.3
12.8
9.3
9.1
8.9
8.9
8.7
8.0
7.4
7.0
6.8
7.0
8.9
9.6
16.7
18.2
23.7
28.6
27.4
18.8
14.1
12.5
10.8
9.3
9.3
8.9
8.4
8.2
8.7
10.0
12.3
14.7
13.1
9.1
8.4
8.0
9.1
9.1
8.7
7.4
6.8
36.9
44.3
36.2
31.6
19.5
14.7
15.3
18.8
14.1
136.5
127.7
69.7
41.1
32.2
24.8
20.4
20.1
24.8
21.1
15.5
13.9
13.9
15.8
20.1
15.3
13.6
12.0
10.5
11.5
10.8
9.8
8.9
8.7
8.4
8.2
7.2
7.0
7.0
6.8
6.6
6.4
9.8
10.5
8.2
7.2
6.4
5.8
5.4
5.2
5.2
5.4
5.6
5.2
7.6
17.6
14.1
10.5
11.0
21.4
18.8
11.8
8.9
7.0
7.0
10.3
10.0
9.3
7.2
6.6
8.2
20.7
15.8
10.5
10.3
8.0
7.4
7.2
7.0
6.6
6.2
5.8
5.6
8.2
9.6
28.4
23.0
61.3
48.7
37.7
28.8
19.8
15.8
22.0
24.4
23.0
15.5
14.4
11.5
10.8
9.8
11.3
10.8
9.1
8.9
8.4
7.8
7.2
8.7
10.5
13.1
44.1
41.5
19.8
15.3
13.3
11.5
10.8
10.0
9.3
8.9
15.3
30.8
27.8
19.8
15.3
13.3
12.5
28.4
49.8
33.8
31.8
22.0
18.5
15.3
14.4
14.1
12.5
11.0
19.8
18.8
13.9
11.3
13.6
73.4
137.7
79.6
49.8
40.0
31.8
27.4
21.7
19.1
17.3
16.1
15.5
14.1
13.9
17.9
15.3
14.1
12.5
11.3
10.8
11.0
20.4
14.4
11.5
10.8
10.3
9.3
9.8
12.8
23.7
39.6
30.8
23.7
17.0
15.3
13.9
12.5
11.8
11.5
11.0
10.8
10.5
9.8
9.3
9.1
8.9
8.7
8.4
8.4
8.2
8.0
8.0
8.0
7.8
7.4
27.4
38.7
18.8
14.1
14.4
29.8
39.8
29.2
29.8
22.0
18.2
16.1
15.3
14.1
12.3
11.5
11.5
11.3
13.3
17.3
14.4
11.5
11.5
13.3
13.9
11.8
11.3
10.0
9.3
9.1
8.9
8.7
8.4
7.6
7.4
7.2
7.2
10.5
13.1
15.8
11.5
9.3
9.6
18.8
15.5
15.3
43.2
53.2
57.8
37.5
29.6
24.8
18.8
16.7
16.1
15.3
13.9
12.0
11.8
11.5
11.0
14.1
14.1
11.8
11.5
11.0
9.8
9.3
9.3
9.3
19.8
35.8
22.0
17.3
16.1
14.4
13.3
11.8
13.9
13.3
11.5
10.5
10.3
11.3
9.8
9.3
9.3
8.9
10.0
28.6
49.8
72.2
116.7
88.6
53.2
46.9
67.3
130.8
135.7
100.4
80.9
62.5
59.9
60.2
59.0
46.5
36.9
27.8
23.7
22.7
21.4
19.8
17.3
22.0
95.1
166.1
121.8
89.1
75.9
73.4
70.0
61.1
59.7
53.7
42.1
36.7
27.8
24.8
40.9
80.9
83.4
128.0
146.4
84.7
55.5
32.4
34.2
30.4
29.4
31.8
25.1
23.0
22.7
23.4
23.4
36.7
33.8
25.5
22.4
21.4
20.1
19.8
20.7
18.8
20.1
36.9
26.5
20.7
28.8
32.4
36.7
33.6
30.4
28.4
45.0
43.4
40.4
36.9
27.8
24.4
20.1
18.5
17.3
17.0
29.2
22.0
19.1
15.8
15.5
15.5
15.0
28.6
34.2
17.6
14.1
12.8
11.8
11.3
12.8
16.4
21.1
30.6
25.5
18.2
15.3
13.1
11.8
11.0
28.8
32.8
34.0
26.5
18.2
14.7
13.3
13.3
20.7
22.0
20.1
13.9
21.1
20.4
14.1
13.1
13.6
20.1
15.8
12.8
11.8
13.1
19.1
13.9
11.5
23.7
40.0
23.4
15.8
14.1
20.4
22.0
47.8
87.8
54.1
33.6
26.5
32.8
41.5
30.2
27.3
41.9
47.4
77.6
159.8
158.0
125.7
104.2
109.6
100.4
109.6
108.2
103.4
83.4
67.1
52.8
53.0
45.4
37.1
29.8
27.8
28.6
32.8
27.3
24.1
20.4
18.5
17.0
18.8
17.0
15.5
32.8
37.9
29.6
41.1
29.6
26.9
21.7
17.6
16.4
14.4
14.1
13.9
13.1
12.8
11.8
11.5
14.4
23.7
95.1
49.8
30.8
23.0
21.4
18.5
16.4
14.4
13.9
13.3
12.8
12.0
11.5
11.3
10.8
10.5
13.6
36.9
52.8
28.4
21.7
17.9
15.3
16.7
24.1
20.1
27.8
21.7
17.0
15.8
14.4
13.6
13.9
13.6
13.3
12.8
29.6
40.0
22.0
17.9
15.5
13.9
13.3
12.5
11.8
11.5
11.0
11.5
11.8
10.5
9.3
9.1
8.9
8.4
8.2
8.0
7.8
7.6
8.0
8.4
9.3
8.9
8.2
7.8
7.6
7.4
7.2
23.0
26.7
19.8
13.6
21.4
51.9
24.1
16.7
13.9
12.8
12.8
21.1
32.4
34.2
33.0
26.2
21.1
18.5
38.5
46.5
29.2
24.8
20.4
19.1
17.0
15.8
14.7
13.9
13.3
13.1
12.5
11.8
11.0
11.0
10.5
10.0
11.3
11.8
13.1
152.6
201.5
168.0
127.4
116.7
95.9
84.5
74.6
68.3
53.0
33.4
23.7
20.4
19.5
18.2
17.0
16.1
15.0
14.7
18.2
59.9
58.3
144.7
169.2
209.9
206.6
189.2
169.2
155.0
134.8
120.9
102.8
88.6
72.9
73.2
74.4
59.4
44.7
33.6
27.6
25.1
25.1
32.4
25.8
21.7
19.1
17.9
57.8
70.7
60.2
43.7
36.0
33.6
33.4
59.0
46.5
36.9
28.4
26.5
24.4
26.5
38.1
29.6
27.6
23.0
21.1
19.1
17.3
17.3
16.1
16.7
29.6
26.5
21.4
19.5
31.8
41.5
39.0
34.6
27.1
23.7
35.8
47.2
58.5
74.9
82.2
64.9
51.6
48.7
74.6
108.5
97.5
58.3
64.9
51.6
43.0
37.9
32.6
27.8
29.2
46.5
44.1
28.6
35.2
28.4
25.1
23.0
20.4
16.7
17.3
17.3
16.7
15.0
14.4
13.9
13.3
15.8
16.4
15.0
13.1
11.8
11.3
12.5
27.1
21.1
32.8
136.3
179.9
131.7
108.5
94.8
84.7
70.2
57.6
52.8
45.8
39.0
29.4
23.4
21.7
19.1
17.3
33.8
57.4
179.6
227.4
213.1
207.6
208.2
195.5
175.3
165.8
173.4
162.2
151.5
145.3
126.5
107.7
95.1
100.9
76.9
61.3
62.7
47.6
36.2
32.8
30.0
26.9
34.4
40.0
34.8
33.2
26.9
31.8
61.1
63.7
40.0
31.8
26.9
23.4
21.4
19.8
18.5
17.0
21.7
30.4
24.4
20.4
31.8
37.9
30.8
35.2
43.9
38.3
28.6
34.4
36.9
38.1
32.8
69.5
94.8
54.4
44.3
30.4
36.9
47.2
42.6
31.8
27.3
29.4
35.6
29.6
34.6
36.9
27.8
23.0
28.0
28.2
27.8
27.8
23.0
28.8
23.7
23.0
21.1
18.2
16.1
15.0
14.4
13.9
12.8
14.4
13.9
12.8
11.8
11.3
11.0
10.8
9.8
9.3
9.3
11.3
33.6
33.2
24.4
16.7
15.8
15.0
13.9
12.5
11.3
9.8
9.6
10.8
18.5
13.1
11.3
9.8
26.5
23.7
27.4
38.1
30.8
27.6
22.0
17.6
14.1
12.8
11.8
16.1
68.0
52.5
42.8
31.8
26.7
19.1
17.3
15.0
14.4
13.9
12.8
13.3
11.8
11.0
10.3
10.0
10.0
9.6
9.3
8.9
8.7
8.4
12.3
11.8
12.3
11.0
10.0
9.8
9.3
8.9
8.4
10.3
48.3
40.9
22.0
16.7
13.9
12.0
14.4
17.6
13.1
11.5
30.2
57.6
33.2
23.0
20.4
22.0
17.3
15.5
13.9
13.9
14.4
12.3
11.5
11.3
10.8
10.0
9.6
11.3
11.8
10.8
9.8
9.3
8.9
8.4
9.6
23.7
26.9
21.7
13.3
11.8
14.4
15.0
13.3
11.3
10.8
10.3
9.3
9.3
8.9
8.4
8.2
7.2
7.2
7.2
7.6
44.1
17.9
13.9
13.9
112.1
107.7
46.3
27.3
19.8
16.7
15.0
13.9
12.5
11.8
10.8
10.5
9.8
9.3
10.8
9.8
9.3
8.9
8.4
8.4
8.0
7.4
7.2
7.2
7.2
6.8
6.4
6.4
6.4
6.2
6.2
6.0
9.3
62.3
41.3
19.8
15.5
16.7
22.4
22.4
21.1
18.2
14.4
12.5
11.3
10.8
9.8
9.3
8.9
8.4
8.0
8.0
7.8
7.4
7.2
7.2
7.2
13.6
30.4
18.5
69.0
52.1
59.4
35.0
25.8
20.7
56.7
36.5
26.2
21.1
29.0
50.9
24.1
40.0
32.0
27.3
23.0
20.7
19.1
18.8
17.3
15.3
14.4
13.9
12.8
11.8
12.0
15.5
15.0
12.0
10.8
10.0
10.3
27.8
38.5
45.4
48.5
41.7
31.8
25.5
20.4
20.4
18.5
16.4
16.4
15.3
15.5
26.9
17.9
13.6
12.8
13.3
12.8
12.3
10.8
10.3
10.0
10.0
9.3
8.4
8.0
7.6
7.6
8.0
8.0
8.0
7.8
8.4
9.3
10.3
11.0
8.0
7.2
16.7
16.7
10.0
8.4
8.4
10.3
8.9
12.8
8.9
7.6
8.4
8.4
7.2
6.4
6.4
9.3
27.6
72.9
76.4
39.8
25.1
18.2
17.6
17.9
15.0
13.9
11.8
53.0
48.3
30.8
30.0
22.4
18.5
16.7
16.4
15.8
13.3
12.3
10.8
10.3
9.6
9.1
8.7
8.7
8.9
10.8
9.3
8.9
19.8
15.0
9.8
8.7
7.6
7.2
7.0
6.8
6.8
6.8
6.8
6.8
7.8
36.9
45.8
28.8
16.7
13.3
12.8
12.3
10.8
10.5
13.9
21.1
25.8
15.8
19.1
15.0
26.5
21.1
27.8
29.8
127.7
83.9
48.5
32.8
26.5
29.4
25.8
29.8
48.9
28.4
21.7
18.2
15.8
15.8
52.5
53.0
28.0
27.8
23.7
18.2
20.1
16.7
13.3
13.3
21.7
18.5
14.4
17.9
17.9
16.7
21.1
15.8
13.3
27.1
58.0
29.2
21.7
17.0
15.0
13.3
12.8
12.3
12.8
11.0
13.9
11.0
10.3
9.8
10.0
9.1
11.3
12.3
9.6
8.4
8.0
8.2
9.3
9.1
7.8
7.2
7.2
7.6
7.2
6.8
35.8
17.3
12.8
10.3
9.3
8.4
9.1
9.3
8.2
8.0
7.4
8.2
12.8
12.3
8.4
7.4
7.2
6.8
6.8
6.6
6.4
6.2
6.0
5.6
5.2
5.2
6.6
41.9
22.4
13.3
10.3
8.9
8.0
7.6
7.2
6.8
6.6
6.4
6.4
6.2
6.0
5.8
6.2
9.3
13.9
8.9
7.4
7.8
33.4
19.8
13.9
13.9
37.3
33.0
19.8
17.9
16.7
23.4
28.8
60.6
127.7
146.7
149.7
118.1
99.9
76.4
58.3
55.7
41.1
27.8
24.1
22.0
20.7
18.5
17.3
46.5
38.1
26.9
21.7
26.5
23.7
24.4
19.1
17.6
16.1
15.3
14.1
13.3
12.8
12.0
11.8
11.8
15.5
12.8
11.5
12.3
18.5
13.9
11.5
10.8
10.3
10.3
17.3
23.0
15.8
12.8
11.5
10.8
10.5
33.2
36.9
33.6
30.0
23.0
19.1
16.7
16.4
16.7
14.7
13.3
12.3
11.3
11.3
10.8
14.4
24.4
16.7
14.1
12.8
11.8
10.8
10.3
10.3
9.8
9.3
8.9
8.4
8.2
8.0
7.8
7.6
7.2
7.2
10.8
11.3
9.1
8.4
8.2
7.6
7.2
7.2
9.3
43.7
22.4
15.8
12.3
27.6
25.8
17.0
13.9
12.3
36.9
118.1
78.4
49.8
45.4
37.3
50.3
39.0
27.3
22.4
19.8
37.7
34.6
23.0
21.7
31.2
77.6
134.8
101.7
70.9
55.7
57.1
42.8
35.2
27.4
24.1
22.4
31.2
32.0
88.6
186.1
193.6
158.6
130.0
115.4
119.5
140.9
120.4
106.3
126.0
134.0
126.8
108.5
92.7
83.4
79.4
66.6
51.2
40.2
33.6
34.0
56.9
47.6
34.2
28.2
39.6
29.6
56.9
60.6
42.6
30.4
27.4
23.0
19.8
18.5
17.0
17.9
15.8
25.1
34.0
26.2
20.4
17.3
32.8
36.0
23.7
26.5
39.8
53.9
41.1
28.4
26.2
22.0
26.5
20.4
17.0
21.1
29.2
23.0
22.0
32.8
65.6
140.3
142.1
111.5
77.1
61.3
53.7
53.0
31.6
24.8
27.1
25.8
23.0
22.0
34.4
29.6
24.1
23.7
17.9
17.0
17.0
15.8
19.5
30.0
36.5
59.0
115.4
88.3
62.5
44.3
36.0
34.8
40.2
45.4
45.0
38.5
29.6
26.5
23.7
29.2
23.0
33.6
60.9
50.5
35.0
72.7
47.6
34.8
30.8
29.6
26.9
70.2
50.9
93.3
144.7
122.0
96.2
102.0
90.1
83.4
76.9
66.6
54.8
45.0
33.6
39.4
37.7
27.8
23.7
21.1
20.1
19.1
25.5
26.5
18.2
16.4
15.5
14.7
15.8
26.9
26.7
27.8
20.4
18.5
17.0
18.2
21.1
19.1
17.9
51.2
86.5
73.4
43.4
30.8
25.8
22.4
20.7
18.5
17.3
40.7
59.7
36.9
44.1
85.2
55.3
40.0
30.8
27.3
28.4
43.4
29.6
25.8
23.0
21.1
20.1
23.4
124.3
106.3
80.4
67.5
57.1
47.6
43.2
35.0
77.9
152.3
140.3
127.1
96.4
84.7
78.4
79.4
72.7
80.4
165.5
178.1
161.0
136.8
121.5
110.7
100.1
88.1
92.2
93.3
70.2
63.2
52.3
40.4
32.4
29.2
27.3
24.8
23.7
22.4
21.7
20.4
19.8
60.2
177.4
203.5
224.1
201.9
181.8
162.2
146.7
131.7
114.8
99.6
82.4
89.9
75.9
64.7
53.0
44.5
37.3
32.0
30.4
30.4
32.6
31.0
27.8
67.3
164.6
219.5
245.6
288.6
315.0
323.2
299.1
286.8
266.9
227.4
230.7
244.3
235.9
210.5
195.5
171.9
167.3
183.9
191.7
182.4
193.9
217.3
210.8
201.9
217.9
225.1
264.5
259.0
236.9
232.6
208.2
188.9
176.2
153.8
136.8
120.1
104.2
91.2
65.4
67.3
96.4
152.6
216.3
214.7
186.7
163.4
145.9
135.7
114.8
100.7
86.0
68.0
51.6
34.6
27.1
23.0
32.4
31.6
23.7
21.1
19.8
19.1
18.5
17.9
16.7
15.5
15.0
14.4
19.1
25.5
27.3
64.7
34.8
26.5
23.4
21.1
18.2
17.0
81.4
176.8
147.3
102.8
84.5
74.6
63.2
57.8
47.6
46.5
34.0
28.2
25.5
22.0
20.7
19.8
18.5
17.9
18.5
18.5
18.2
19.1
17.9
16.4
17.6
34.8
26.5
21.1
17.6
17.3
17.3
14.1
13.3
12.8
12.3
12.3
12.0
11.8
11.3
12.5
15.0
19.5
33.6
34.4
36.5
25.1
24.4
15.8
19.5
17.6
118.7
109.6
59.4
39.4
46.9
35.2
29.0
25.8
29.0
24.8
30.4
25.8
19.8
17.9
17.3
19.5
31.0
42.4
22.0
18.5
17.9
29.2
24.4
55.0
70.5
62.3
40.2
30.4
25.1
25.8
22.4
29.2
40.2
30.4
29.6
40.2
35.2
25.8
37.7
40.4
31.4
47.6
36.7
28.2
23.0
20.7
19.1
34.0
30.4
35.2
48.5
55.7
29.6
39.2
36.2
27.3
26.9
25.1
21.7
19.1
19.1
25.1
21.4
24.4
69.0
62.5
31.8
27.8
23.7
82.9
76.1
57.1
40.4
44.5
52.5
41.9
33.2
30.8
29.6
32.2
50.7
118.1
93.3
81.7
55.7
41.9
60.9
43.2
31.6
28.4
33.0
26.2
23.0
20.1
18.5
17.9
18.5
23.7
18.2
23.7
20.4
16.7
16.1
48.0
38.5
24.1
17.9
19.8
28.0
24.4
27.4
70.9
58.7
43.2
36.0
28.0
39.8
38.3
26.9
23.0
19.8
17.3
16.1
17.0
19.1
15.8
14.4
16.1
16.1
21.4
68.8
62.0
35.2
25.5
20.7
19.8
19.8
19.1
17.9
31.6
56.4
32.8
51.2
76.9
40.7
31.2
23.0
20.7
18.5
17.3
16.7
15.5
14.7
15.5
17.3
17.3
15.5
13.9
16.7
29.2
42.1
28.4
21.1
24.4
37.9
29.2
19.8
17.9
15.5
14.4
14.7
29.8
24.8
21.7
15.8
13.9
13.3
12.8
11.8
11.8
13.6
14.1
13.9
14.1
26.9
29.6
17.3
14.4
15.0
13.9
28.4
33.0
24.8
18.5
16.7
15.0
13.9
12.8
12.3
12.0
11.8
10.8
10.3
10.0
9.8
9.3
9.3
12.8
27.4
18.8
13.3
11.8
11.8
11.0
14.1
23.0
45.2
106.1
142.6
148.2
117.6
101.7
95.9
86.5
77.9
71.4
58.0
43.7
28.0
21.4
17.6
16.7
16.1
15.5
15.5
26.7
27.6
29.8
139.7
105.5
76.4
62.3
55.5
47.2
45.0
45.4
35.6
48.9
37.3
30.8
27.8
31.2
136.8
173.1
142.3
107.1
88.1
75.9
67.3
53.7
40.9
27.8
23.4
21.1
31.2
37.9
40.9
49.2
178.4
219.5
262.8
266.9
257.0
235.9
205.0
196.2
178.4
156.8
138.0
119.8
101.2
84.7
70.5
56.2
45.0
34.2
27.3
43.2
44.1
33.0
26.5
23.7
22.0
21.7
21.1
19.8
17.3
17.3
16.7
16.1
15.5
15.5
15.3
14.1
13.3
12.8
12.8
12.3
14.1
16.4
12.3
15.0
17.3
57.1
44.1
20.4
15.8
14.1
35.8
152.0
139.1
104.4
75.9
59.9
49.4
39.0
28.4
23.7
23.4
35.0
56.7
34.8
57.1
50.7
34.0
28.0
23.0
21.7
20.7
19.8
18.5
21.1
18.8
17.3
15.5
14.1
13.3
12.8
13.3
12.8
12.3
11.8
11.3
10.5
12.8
12.0
11.3
17.0
14.4
17.6
42.8
62.5
86.0
85.5
85.5
51.6
41.1
36.0
28.8
25.8
23.0
21.7
20.4
21.1
19.8
26.5
29.8
23.7
19.8
30.4
33.2
25.8
21.1
17.6
16.1
15.5
21.7
17.3
14.1
12.8
27.3
90.4
170.1
149.7
102.3
70.9
59.4
63.2
60.4
43.2
30.6
23.7
30.8
26.9
20.4
18.5
17.0
15.5
15.0
36.0
41.5
26.2
21.1
17.9
17.0
18.5
37.3
33.6
32.8
23.7
18.5
16.7
16.1
16.1
15.5
13.3
12.3
11.3
12.3
23.7
18.5
43.0
41.1
21.7
17.0
14.7
13.3
12.0
11.3
10.8
12.8
11.3
8.9
8.9
10.0
9.8
8.9
20.1
35.2
43.7
36.0
30.4
21.4
15.5
13.3
12.3
12.8
17.3
17.0
32.8
62.3
94.1
99.6
62.7
57.4
112.3
119.8
106.6
90.7
73.9
60.6
44.1
34.0
27.1
25.5
21.7
19.8
18.5
29.0
24.1
21.1
23.4
18.5
16.1
69.7
118.7
77.4
38.7
29.2
25.1
27.1
23.7
19.1
16.7
15.5
15.5
15.0
15.5
23.0
86.5
97.0
58.5
41.5
35.8
29.2
26.5
19.5
18.8
20.7
23.7
21.1
34.0
65.9
40.4
30.0
27.3
24.1
21.7
22.0
19.5
19.5
58.3
40.7
30.4
25.1
22.4
19.8
18.5
17.0
16.1
15.5
15.5
15.5
14.7
13.3
15.5
20.4
14.4
12.8
11.8
11.3
10.8
10.8
12.5
36.0
35.6
23.7
16.1
13.9
12.5
12.0
11.3
10.8
10.8
10.3
10.3
10.8
10.8
10.0
9.8
9.3
8.9
8.7
8.4
8.4
8.0
8.0
7.8
8.9
11.8
10.5
9.1
8.4
7.8
7.6
33.2
33.2
18.2
14.7
11.8
10.8
10.0
9.3
26.5
27.6
14.4
11.8
10.8
10.0
9.3
8.9
8.4
8.4
8.2
8.0
8.0
7.8
7.4
9.1
11.3
9.8
8.4
16.7
49.8
80.1
35.2
20.7
16.7
15.0
13.1
12.3
11.5
10.8
10.0
9.8
9.3
9.1
8.4
8.4
8.0
7.6
7.2
7.4
7.0
6.2
7.6
10.8
8.9
8.0
7.6
7.4
6.8
6.6
6.2
6.2
6.0
5.6
6.2
7.4
11.0
26.5
17.3
10.8
8.4
8.4
8.7
13.1
15.0
16.7
12.3
9.6
8.4
8.4
8.2
8.0
7.6
7.6
6.8
15.5
44.5
21.7
15.5
17.3
25.1
16.7
13.1
11.3
10.8
10.5
10.0
9.1
9.3
9.8
9.3
9.6
10.3
9.8
11.3
18.8
32.6
17.3
12.8
11.3
10.3
9.6
8.9
8.7
8.9
19.8
29.8
61.8
52.1
27.6
21.1
16.1
13.9
17.0
13.1
11.8
10.8
10.3
9.3
10.3
21.1
17.9
17.9
14.1
12.0
29.4
97.5
73.9
36.2
26.2
20.4
17.3
15.0
14.1
15.0
16.1
15.5
26.5
50.9
73.4
92.5
97.5
84.7
58.5
38.5
27.6
22.7
19.8
17.9
15.5
14.4
13.3
12.3
11.3
10.8
10.8
11.3
12.8
21.1
29.8
24.1
13.9
12.5
12.8
10.8
9.3
8.9
8.4
8.2
8.0
8.0
8.2
7.6
7.6
7.2
6.8
6.4
6.0
8.2
8.9
7.6
7.0
6.8
6.4
6.0
5.8
5.6
4.9
4.4
4.5
4.7
4.5
4.9
4.7
4.5
6.8
6.4
5.6
6.8
7.2
9.1
8.4
6.4
5.1
4.5
4.5
4.2
3.6
3.3
4.2
9.3
12.8
9.8
12.0
8.2
24.4
48.7
39.8
25.1
19.8
18.5
31.0
22.7
16.1
11.3
10.0
12.8
11.3
13.1
16.7
14.7
19.5
17.0
12.8
12.3
11.8
11.3
11.8
31.6
28.4
20.4
25.1
22.7
25.1
19.8
22.4
21.1
13.9
12.0
10.3
9.6
9.3
13.9
16.1
13.9
27.4
24.1
16.7
12.8
11.3
10.3
9.8
9.6
8.7
8.0
7.4
6.8
6.6
7.2
7.2
8.9
8.0
18.5
13.9
11.3
9.3
8.4
7.4
6.8
6.4
6.0
6.0
6.8
6.8
6.2
6.0
6.4
6.8
6.4
5.2
4.9
6.6
8.0
8.7
12.0
9.8
7.4
6.6
6.4
12.8
8.7
8.0
74.9
42.6
20.4
16.1
15.0
12.8
11.3
10.3
9.6
8.9
8.0
7.6
7.6
8.7
8.9
9.6
8.2
7.6
6.8
6.4
6.0
6.0
5.8
7.4
6.4
6.0
5.8
5.6
6.2
6.0
5.8
5.2
5.2
9.3
17.0
10.5
8.4
7.0
6.0
5.2
4.9
5.6
6.0
5.4
6.2
10.0
129.1
118.7
63.2
44.5
21.7
16.1
14.4
13.3
12.3
11.0
10.8
10.3
9.3
8.9
8.9
10.0
15.0
11.8
9.8
8.9
8.4
8.0
7.6
7.2
7.2
8.4
17.6
15.0
12.0
9.6
8.7
8.4
13.3
15.0
11.3
10.0
8.9
10.8
16.1
12.0
10.8
9.6
9.1
8.7
8.0
7.6
7.2
7.0
8.7
29.8
26.9
32.4
33.4
19.1
16.1
13.3
12.0
10.8
10.0
9.3
8.9
8.9
8.4
8.4
8.0
7.6
7.6
8.0
8.9
7.8
7.2
6.8
6.4
6.8
7.2
8.0
22.4
22.7
21.7
12.5
10.5
9.3
8.9
9.3
36.5
35.4
18.5
13.9
12.5
11.3
10.3
9.3
8.9
8.9
8.9
8.9
9.3
10.5
9.3
8.4
7.6
7.2
7.2
6.8
6.8
6.4
5.8
5.6
6.2
27.8
44.3
38.1
56.4
67.5
43.9
29.8
28.0
33.6
31.2
34.8
29.6
22.4
19.1
16.1
15.0
13.6
12.3
11.8
11.3
12.0
27.6
35.6
161.3
176.2
152.0
108.8
81.4
64.2
53.9
52.1
38.5
28.8
21.4
22.0
26.5
18.5
15.5
14.4
13.6
12.8
12.3
14.1
13.9
12.8
12.8
15.5
27.6
28.2
50.3
161.3
169.2
130.8
99.1
80.9
73.6
63.2
55.0
34.4
23.7
18.8
17.0
17.3
16.1
17.9
15.0
13.3
12.8
12.0
13.9
16.1
39.4
59.4
62.3
33.2
31.6
27.3
22.4
28.0
24.4
21.7
26.5
33.8
28.8
23.0
19.1
16.7
15.3
14.4
13.9
13.3
12.8
13.9
19.8
17.9
17.9
36.9
24.4
19.1
23.0
21.1
51.2
30.8
34.6
37.1
41.7
31.2
27.6
24.1
18.8
16.4
15.5
14.7
19.8
17.0
13.9
41.1
68.5
40.7
72.4
148.8
164.0
145.9
121.8
103.9
108.0
93.8
86.8
72.4
59.7
50.7
41.1
29.0
26.7
23.4
19.8
18.2
20.4
19.5
43.7
27.8
33.4
27.6
30.8
22.4
23.0
20.7
18.5
25.1
29.6
70.7
66.6
72.7
83.7
92.7
127.4
117.6
86.8
63.0
49.8
35.0
29.0
26.5
28.0
28.6
20.4
17.9
16.7
16.1
15.5
15.0
14.7
16.7
16.7
14.4
13.1
12.3
11.5
11.0
10.8
10.3
10.0
9.8
9.3
7.2
7.4
7.8
8.0
7.8
7.6
7.8
7.8
7.8
7.4
7.2
7.2
7.0
7.0
9.3
8.9
8.0
7.6
7.2
6.8
6.8
15.0
15.0
91.7
141.2
165.2
149.7
96.4
67.1
47.2
35.6
27.3
21.1
19.5
17.9
16.7
15.8
14.7
13.9
13.1
12.5
12.5
13.3
12.8
12.3
12.3
11.8
11.3
61.3
148.2
185.5
155.6
89.9
67.8
58.7
126.5
239.3
242.6
210.5
194.3
173.4
166.7
161.3
152.0
140.9
119.8
111.0
90.7
80.9
60.4
45.4
34.8
28.2
23.0
20.7
19.8
19.1
19.1
20.4
21.7
18.5
16.1
15.3
14.4
13.9
35.2
109.9
99.1
73.4
55.5
41.5
33.6
26.7
24.4
25.1
43.7
32.8
25.1
23.0
19.8
18.5
17.9
17.3
16.7
16.1
15.5
16.4
16.7
14.7
28.4
67.1
38.3
29.0
24.1
23.0
21.1
41.1
36.5
26.9
22.4
20.7
40.2
39.2
33.2
29.2
24.4
21.7
21.1
19.8
18.5
18.8
21.7
22.4
32.8
38.5
29.0
22.7
18.5
22.4
20.1
31.6
30.4
23.0
20.7
19.1
52.8
130.5
78.4
57.6
44.1
75.4
69.0
53.0
53.9
45.8
42.1
40.7
33.2
29.6
28.6
26.5
24.1
22.4
23.0
22.0
19.1
19.1
27.3
25.8
20.7
18.5
17.0
15.5
15.5
17.3
105.8
72.4
41.5
33.6
33.4
34.4
33.6
30.8
28.0
26.2
22.7
21.4
20.7
23.0
21.7
18.5
17.3
15.8
15.0
15.5
33.6
93.3
54.4
36.0
31.2
49.8
69.2
49.6
38.5
31.2
27.4
25.1
32.8
32.8
80.9
135.7
120.9
107.1
142.6
145.6
118.1
101.2
87.0
76.9
65.1
58.3
41.9
30.8
45.2
39.8
29.6
26.7
24.4
21.7
20.1
19.5
19.1
17.9
17.6
18.8
18.5
15.8
14.4
13.9
13.9
14.4
15.5
13.6
12.8
11.3
10.8
28.4
35.2
27.3
19.1
18.5
18.8
20.7
16.4
14.4
12.8
12.3
13.9
33.4
32.8
33.8
28.0
19.5
17.9
19.1
16.1
13.6
12.3
12.3
11.8
11.3
10.8
10.8
21.7
22.7
15.5
12.8
11.5
10.5
10.0
9.1
8.4
8.0
7.6
19.8
24.1
23.0
14.1
11.3
10.3
9.8
10.0
10.8
9.8
9.3
9.6
15.5
16.1
13.3
13.9
19.8
38.5
28.4
18.5
31.4
25.8
27.4
24.8
20.1
32.8
36.0
24.4
21.4
20.4
19.1
14.1
13.3
15.3
63.7
83.4
45.0
31.2
24.1
24.1
17.0
16.1
16.1
23.7
18.8
14.7
13.3
12.8
14.4
18.2
25.8
19.8
13.9
12.0
11.3
10.8
10.8
10.3
10.3
10.8
10.8
12.8
22.4
27.3
41.3
39.8
33.4
29.2
23.0
33.6
50.9
61.3
32.4
24.8
21.7
20.4
17.3
15.5
16.1
22.4
21.1
15.0
13.1
11.8
10.8
10.3
9.8
8.9
8.9
8.4
8.0
9.8
14.4
23.4
16.1
15.0
12.3
10.8
9.6
8.9
8.4
8.9
9.1
8.7
8.0
8.0
25.1
39.4
18.2
13.9
16.7
17.9
12.8
11.5
10.8
12.0
34.4
23.0
48.7
97.7
64.7
45.6
39.2
31.2
26.5
40.2
69.7
145.9
169.8
135.4
100.4
88.1
76.9
64.4
54.8
40.7
31.6
24.1
21.1
19.8
18.5
17.9
17.3
16.1
16.1
19.5
25.1
43.4
38.5
27.4
19.8
16.7
15.5
17.3
17.9
15.5
13.9
13.3
15.0
20.7
17.3
15.5
14.4
30.0
28.4
19.8
18.5
19.5
33.2
23.7
19.8
18.2
17.0
18.5
61.3
52.3
34.0
30.4
37.7
36.9
27.3
24.1
23.0
24.4
21.1
19.1
17.9
16.7
15.5
14.7
14.4
30.4
25.8
19.5
16.7
15.0
14.4
13.3
13.1
12.8
12.3
12.3
11.5
10.8
10.8
10.8
10.3
9.8
9.8
9.3
9.1
8.9
8.7
8.4
8.4
8.2
8.0
8.0
8.0
7.6
7.6
7.4
7.2
7.2
7.0
6.8
6.6
6.6
6.4
6.0
7.0
6.8
6.8
6.6
6.8
7.2
7.0
6.8
6.4
6.4
6.0
6.0
5.6
5.6
5.8
5.8
5.6
5.1
4.9
4.7
4.5
4.5
4.4
4.4
4.2
4.2
4.0
4.0
4.0
15.3
89.9
48.3
19.5
13.3
12.8
11.8
26.7
137.1
165.2
157.7
122.0
90.1
77.9
64.4
52.3
37.7
26.2
19.8
18.2
18.2
41.9
29.6
19.8
16.7
15.0
13.9
14.1
37.9
32.2
29.4
27.6
19.1
16.4
14.1
13.3
13.6
15.8
12.8
12.0
13.9
16.7
13.9
24.4
17.3
13.3
11.5
10.8
10.5
10.3
9.8
9.3
8.9
8.7
8.4
8.0
8.0
7.6
7.6
7.6
9.6
16.7
12.8
10.0
8.2
7.6
7.2
6.8
7.6
7.6
7.4
9.3
7.6
6.8
6.4
10.0
11.5
8.9
6.8
6.4
7.0
9.1
8.0
6.8
6.2
5.6
4.9
4.5
14.4
8.7
7.2
7.6
10.8
10.0
7.8
6.4
5.6
5.2
6.0
6.8
6.4
6.8
9.8
12.3
22.0
15.5
11.8
11.8
10.5
10.0
9.8
13.9
15.5
15.3
16.1
16.1
38.5
30.4
46.5
44.1
32.4
23.0
23.7
34.8
23.7
27.8
23.7
18.5
15.8
15.0
27.8
21.1
28.8
44.1
34.2
32.4
65.1
110.7
97.2
68.0
84.2
84.7
98.0
96.4
65.6
42.1
31.2
28.0
23.4
21.1
19.8
18.5
16.7
16.1
17.9
25.5
29.6
25.1
19.5
17.9
27.3
30.8
27.1
52.5
73.4
40.2
30.4
24.4
23.7
33.6
32.8
25.1
29.6
30.8
24.4
24.4
20.4
17.9
16.7
16.1
14.7
13.9
12.8
14.4
14.4
13.6
12.3
11.3
12.8
28.8
19.8
16.7
13.6
12.3
15.8
21.1
15.5
13.9
11.8
13.9
20.7
78.4
77.1
50.3
30.8
40.7
34.4
28.4
25.1
21.1
19.1
32.0
23.7
19.1
17.0
15.8
15.0
16.7
15.0
13.3
12.3
11.8
11.3
10.8
10.3
10.3
10.8
11.3
11.3
15.5
22.7
42.1
44.3
136.5
125.7
133.7
120.4
105.0
84.5
75.4
67.5
56.2
41.1
31.2
20.1
18.8
17.6
16.4
15.5
14.7
13.9
13.3
12.8
12.3
12.8
12.8
12.5
13.9
12.8
11.5
10.8
10.3
9.8
9.6
9.3
8.9
8.7
8.7
9.3
9.3
8.9
8.2
8.0
7.8
7.6
7.4
7.8
9.6
8.9
8.4
7.6
8.5
8.5
8.5
9.0
19.5
18.2
44.3
21.9
15.6
13.8
12.4
17.2
54.3
40.1
29.4
23.7
20.9
16.6
15.0
14.1
13.2
12.7
12.1
11.6
11.0
10.8
10.0
9.5
9.2
9.0
9.0
8.5
8.0
7.8
8.0
10.0
24.4
31.0
25.2
15.6
14.1
12.1
11.6
10.8
10.0
9.5
9.0
8.5
8.0
8.0
8.5
8.0
8.0
8.5
8.0
7.6
7.4
7.1
6.9
6.7
6.7
15.0
16.9
39.7
21.5
106.3
121.0
70.9
61.6
41.8
29.0
23.3
34.0
24.4
20.2
17.8
16.2
15.6
45.8
52.8
126.2
106.9
114.0
202.2
235.1
212.4
200.1
188.5
165.0
149.4
134.8
119.9
105.0
89.1
78.4
92.1
122.7
91.1
76.7
65.3
58.4
48.8
38.2
29.4
41.8
81.6
66.5
40.9
35.0
29.8
28.2
27.1
25.9
29.8
25.6
23.0
21.9
20.9
19.8
19.5
18.5
16.9
16.2
15.6
14.7
14.1
13.8
16.2
21.5
17.8
14.4
13.2
12.7
11.6
11.6
10.8
11.0
10.5
10.0
9.5
9.5
10.3
11.6
10.8
13.0
15.3
12.7
11.0
10.0
9.5
8.8
8.0
7.6
8.3
10.3
10.0
9.5
9.0
8.5
8.3
9.2
21.2
20.9
16.9
12.7
10.5
9.2
8.5
7.6
7.1
7.1
6.7
7.8
11.0
10.0
9.2
8.5
13.2
39.3
17.2
15.0
18.2
15.0
25.2
16.9
13.2
11.6
11.0
9.0
8.5
8.5
15.6
45.6
52.1
70.0
122.1
133.7
107.7
74.1
57.2
43.4
50.6
58.4
76.7
77.4
89.1
97.2
89.1
98.5
86.3
86.3
82.4
79.9
78.4
90.9
96.2
88.6
89.6
68.1
63.4
47.3
44.5
31.9
25.2
23.3
27.5
23.7
20.2
17.8
15.9
15.3
14.1
14.1
15.0
59.1
139.8
173.6
169.1
145.4
143.2
141.5
140.4
90.9
77.9
54.8
42.6
34.0
42.8
54.5
83.6
81.1
46.6
44.3
37.8
28.2
27.1
59.5
51.7
60.0
45.8
37.8
29.4
25.9
24.8
23.3
21.9
35.8
28.2
27.5
34.8
29.4
25.2
22.3
20.2
21.5
20.9
38.2
39.9
27.9
23.3
36.2
25.9
63.0
50.6
51.4
39.9
33.5
30.2
29.0
40.7
47.3
73.3
118.6
90.4
70.5
52.3
49.7
35.0
29.8
27.5
25.9
24.1
22.3
21.2
20.2
19.8
19.1
18.2
23.7
24.8
20.2
121.3
91.1
74.5
47.5
38.2
33.1
27.1
24.4
22.6
21.2
20.2
19.1
18.5
42.0
33.1
21.9
19.1
17.5
16.9
16.2
19.5
18.8
16.6
14.7
13.8
13.0
12.4
11.8
11.3
11.0
11.0
14.4
106.6
150.0
175.0
198.5
173.6
145.4
170.6
206.8
216.8
208.4
170.9
152.3
136.2
120.8
107.7
95.7
87.8
72.9
66.5
44.1
28.2
24.1
45.1
44.7
37.0
28.2
26.3
51.7
43.0
34.0
29.8
28.2
26.3
25.2
22.3
21.2
28.2
44.1
51.2
47.3
29.0
25.2
23.3
21.5
20.5
18.8
17.8
19.5
36.2
56.6
82.6
67.6
92.9
77.7
65.1
68.1
83.1
74.8
54.3
45.1
37.6
31.9
29.8
28.2
26.3
24.8
23.3
21.9
20.9
20.2
19.1
17.5
17.2
16.6
15.9
15.3
14.7
14.1
34.8
42.0
24.4
21.5
84.8
58.1
39.9
34.0
25.6
24.1
34.8
55.0
64.6
44.1
36.2
28.6
26.3
37.6
34.0
29.4
27.1
25.6
31.9
67.6
134.8
102.4
66.2
70.0
157.8
145.2
114.3
96.2
89.6
74.3
64.8
60.9
53.9
85.8
105.5
80.9
61.8
48.6
40.3
35.2
34.8
42.8
36.2
33.5
30.2
28.6
25.2
24.4
23.3
22.3
59.1
164.2
194.6
147.4
146.9
144.6
167.4
174.2
155.5
139.0
130.1
134.8
123.5
114.3
99.3
87.1
76.7
57.5
43.9
36.4
29.8
29.4
31.9
77.2
68.8
36.8
45.1
51.0
45.6
41.1
42.4
90.4
115.6
93.4
83.8
73.6
65.5
57.7
76.5
79.6
67.6
73.1
62.3
52.8
65.1
53.9
40.5
57.2
50.8
40.3
35.4
28.2
25.9
24.8
22.6
22.3
29.4
25.6
22.3
20.5
18.8
17.5
16.9
38.4
31.9
25.6
65.8
34.0
31.0
27.5
21.9
18.8
16.6
15.6
14.7
14.1
16.2
24.1
51.2
35.8
25.6
20.2
17.8
16.9